1.000000000000000000e+00 -9.608752987302364090e+02 -9.608752987302364090e+02
9.000000000000000222e-01 -9.602763831130332619e+02 -9.608743621371704648e+02
9.020000000000000240e-01 -9.602452721471140649e+02 -9.608706149009071851e+02
9.040000000000000258e-01 -9.602555976379171625e+02 -9.608715726885243384e+02
9.060000000000000275e-01 -9.602712425106089995e+02 -9.608812487588884323e+02
9.080000000000000293e-01 -9.602771900306465795e+02 -9.608460025269411062e+02
9.100000000000000311e-01 -9.602752609086345501e+02 -9.608670646322863149e+02
9.120000000000000329e-01 -9.602702243041293286e+02 -9.608723505349125844e+02
9.140000000000000346e-01 -9.602667382626819972e+02 -9.608707649739482122e+02
9.160000000000000364e-01 -9.602708802320972836e+02 -9.608623337988242383e+02
9.180000000000000382e-01 -9.602848001309325809e+02 -9.608805359304769809e+02
9.200000000000000400e-01 -9.602755485113983696e+02 -9.608489682274630468e+02
9.220000000000000417e-01 -9.602626206986888064e+02 -9.608671074598496489e+02
9.240000000000000435e-01 -9.602831744384909598e+02 -9.608615493479796896e+02
9.260000000000000453e-01 -9.602960503718175005e+02 -9.608842188953284449e+02
9.280000000000000471e-01 -9.602986360572490412e+02 -9.608642624314620662e+02
9.300000000000000488e-01 -9.602810127170298529e+02 -9.608719931395511367e+02
9.320000000000000506e-01 -9.602914024072842949e+02 -9.608663334694978175e+02
9.340000000000000524e-01 -9.602789023181142056e+02 -9.608664153516982651e+02
9.360000000000000542e-01 -9.602594757205695259e+02 -9.608892367279089513e+02
9.380000000000000560e-01 -9.602798671768546228e+02 -9.608673686729638348e+02
9.400000000000000577e-01 -9.602990409051611778e+02 -9.608664472298968349e+02
9.420000000000000595e-01 -9.602677770056648114e+02 -9.608688539187645574e+02
9.440000000000000613e-01 -9.602941813993891174e+02 -9.608751237994061967e+02
9.460000000000000631e-01 -9.602984185467704492e+02 -9.608600511131115809e+02
9.480000000000000648e-01 -9.602908789033691619e+02 -9.608745224991617988e+02
9.500000000000000666e-01 -9.602884781644595478e+02 -9.608695393369102931e+02
9.520000000000000684e-01 -9.603261867222662431e+02 -9.608612631516052716e+02
9.540000000000000702e-01 -9.603292213835944722e+02 -9.608717876831470903e+02
9.560000000000000719e-01 -9.603163038931060100e+02 -9.608699151140787080e+02
9.580000000000000737e-01 -9.603291522352084257e+02 -9.608797630390637323e+02
9.600000000000000755e-01 -9.603452622568808010e+02 -9.608693564957446824e+02
9.620000000000000773e-01 -9.603577782922466213e+02 -9.608635623875351257e+02
9.640000000000000790e-01 -9.603568675969883088e+02 -9.608667592942302917e+02
9.660000000000000808e-01 -9.603516757583113304e+02 -9.608793553252163520e+02
9.680000000000000826e-01 -9.603767259901544548e+02 -9.608703037893878900e+02
9.700000000000000844e-01 -9.603723181208727055e+02 -9.608724987119693424e+02
9.720000000000000862e-01 -9.603991900791360194e+02 -9.608714822427677973e+02
9.740000000000000879e-01 -9.604427793993257865e+02 -9.608616806750607111e+02
9.760000000000000897e-01 -9.604260520939385515e+02 -9.608871862120917058e+02
9.780000000000000915e-01 -9.604659013919040262e+02 -9.608722280921623451e+02
9.800000000000000933e-01 -9.604790702748614422e+02 -9.608689217597838024e+02
9.820000000000000950e-01 -9.605113548097582452e+02 -9.608631515969665315e+02
9.840000000000000968e-01 -9.605125947894406409e+02 -9.608658329562222207e+02
9.860000000000000986e-01 -9.605596397087909963e+02 -9.608746074064079039e+02
9.880000000000001004e-01 -9.605793471745506622e+02 -9.608703271085405504e+02
9.900000000000001021e-01 -9.606185989410047341e+02 -9.608591465336867259e+02
9.920000000000001039e-01 -9.606590880231908613e+02 -9.608709079494655043e+02
9.940000000000001057e-01 -9.607140649698714014e+02 -9.608676060393814851e+02
9.960000000000001075e-01 -9.607566728671490637e+02 -9.608769744116342508e+02
9.980000000000001092e-01 -9.608231085400340135e+02 -9.608821769819013525e+02
