0.000000000000000000e+00 -9.608724838956380836e+02 -9.608724838956380836e+02
9.000000000000000222e-01 -9.604097165769052253e+02 -9.608721805538247054e+02
9.020000000000000240e-01 -9.604184219388465635e+02 -9.608740329952012189e+02
9.040000000000000258e-01 -9.604122556741394874e+02 -9.608703933104421822e+02
9.060000000000000275e-01 -9.604344874928300442e+02 -9.608737113661713920e+02
9.080000000000000293e-01 -9.604370027566342287e+02 -9.608738598586932085e+02
9.100000000000000311e-01 -9.604502279596514427e+02 -9.608779474433137011e+02
9.120000000000000329e-01 -9.604455259734050969e+02 -9.608694797001618326e+02
9.140000000000000346e-01 -9.604456237880286835e+02 -9.608759883596834470e+02
9.160000000000000364e-01 -9.604617343684330990e+02 -9.608775118823549519e+02
9.180000000000000382e-01 -9.604554260170763200e+02 -9.608695389253016401e+02
9.200000000000000400e-01 -9.604642984316672027e+02 -9.608757305839718583e+02
9.220000000000000417e-01 -9.604626834061093632e+02 -9.608817176567455363e+02
9.240000000000000435e-01 -9.604590546083475147e+02 -9.608729089172408067e+02
9.260000000000000453e-01 -9.604561431132782445e+02 -9.608640144992477872e+02
9.280000000000000471e-01 -9.604781095428351136e+02 -9.608831118552383259e+02
9.300000000000000488e-01 -9.605005327667787469e+02 -9.608591871766767554e+02
9.320000000000000506e-01 -9.605077825546296708e+02 -9.608715555659165375e+02
9.340000000000000524e-01 -9.605115275969914137e+02 -9.608708874564339339e+02
9.360000000000000542e-01 -9.605315802377609771e+02 -9.608769098015427517e+02
9.380000000000000560e-01 -9.605246950793277847e+02 -9.608697615531577867e+02
9.400000000000000577e-01 -9.605353051806029043e+02 -9.608838885393851115e+02
9.420000000000000595e-01 -9.605322741018563875e+02 -9.608718151345821070e+02
9.440000000000000613e-01 -9.605465085533099909e+02 -9.608801534263396888e+02
9.460000000000000631e-01 -9.605470909110919138e+02 -9.608609300329850385e+02
9.480000000000000648e-01 -9.605410887917250875e+02 -9.608739250942670651e+02
9.500000000000000666e-01 -9.605622851159589572e+02 -9.608580022164795764e+02
9.520000000000000684e-01 -9.605603576398431187e+02 -9.608517682018627966e+02
9.540000000000000702e-01 -9.605724599451521044e+02 -9.608710604034245080e+02
9.560000000000000719e-01 -9.605750921660099948e+02 -9.608748244283366375e+02
9.580000000000000737e-01 -9.605927546583735648e+02 -9.608852625125178974e+02
9.600000000000000755e-01 -9.606104017730091300e+02 -9.608806364249808212e+02
9.620000000000000773e-01 -9.606236813146464328e+02 -9.608692885688873275e+02
9.640000000000000790e-01 -9.606356877239323921e+02 -9.608680832435264847e+02
9.660000000000000808e-01 -9.606329531909618709e+02 -9.608639437020246987e+02
9.680000000000000826e-01 -9.606297854390747943e+02 -9.608664009571940596e+02
9.700000000000000844e-01 -9.606664858313695277e+02 -9.608657098294402203e+02
9.720000000000000862e-01 -9.606669234770737376e+02 -9.608708224609509898e+02
9.740000000000000879e-01 -9.606896959469983130e+02 -9.608635671910983547e+02
9.760000000000000897e-01 -9.606931777854817938e+02 -9.608672130948962149e+02
9.780000000000000915e-01 -9.607081907386855164e+02 -9.608605435301695934e+02
9.800000000000000933e-01 -9.607251278698511214e+02 -9.608688343218394721e+02
9.820000000000000950e-01 -9.607280516604180320e+02 -9.608718819778451916e+02
9.840000000000000968e-01 -9.607412972751332063e+02 -9.608698746868021772e+02
9.860000000000000986e-01 -9.607596711087177255e+02 -9.608738007306384361e+02
9.880000000000001004e-01 -9.607676980175289145e+02 -9.608718344738898622e+02
9.900000000000001021e-01 -9.607859453317088310e+02 -9.608589609843843391e+02
9.920000000000001039e-01 -9.607996475701993404e+02 -9.608781432129394489e+02
9.940000000000001057e-01 -9.608230041233969132e+02 -9.608732208443085483e+02
9.960000000000001075e-01 -9.608283960608607686e+02 -9.608636013426121281e+02
9.980000000000001092e-01 -9.608468329962074677e+02 -9.608635853399246116e+02
