#INPORB 2.2
#INFO
* RASSCF spin density orbitals for root number  1
       0       1       0
      28
      28
*BC:HOST mgt PID 65426 DATE Thu Oct  9 14:57:14 2025
#ORB
* ORBITAL    1    1
  4.85532012330520E-04 -1.99895455080954E-03 -7.52193859827140E-03 -3.33299651011317E-14  1.05896709231200E-13
 -4.79469400122510E-14  8.92032175624629E-14  2.96115514773379E-04 -5.24665519158297E-03 -4.15902653032106E-14
  3.52442165524739E-14  1.50681439697998E-03  4.00765071075689E-14  1.42452991639508E-08  9.89917797149209E-01
 -3.54966055001901E-02  2.04197296565234E-02 -4.13730645457256E-14 -1.36071129381030E-13 -1.75464062665669E-14
 -8.76506188570361E-14  5.18032228367250E-03 -2.86677230160517E-03 -6.88368870815433E-14 -1.35931165548326E-14
 -1.00703767203470E-03  6.18540508063615E-14 -1.08008904710031E-07
* ORBITAL    1    2
  9.98596855336477E-01  1.56517749493543E-02 -2.09193598425853E-02 -4.37608158958960E-14 -2.48811428050492E-14
 -1.32266750874462E-14 -8.12619334105094E-14  1.50048650689995E-02  7.10800842156706E-03  3.14535058892673E-15
  4.40176182122263E-14  2.88376503820420E-03  8.91334441887756E-15 -9.81185095660615E-09  3.10069852680599E-03
  5.14854607730769E-03 -1.76149032621059E-03  1.49415588289838E-14  3.60208908466967E-14  4.97764744368091E-15
  9.14402107788731E-14  1.48582176958915E-04  4.89717429696238E-03  4.36422911766671E-14 -2.50058812072396E-14
  3.52328478568009E-04 -4.76138895641942E-14  9.54187004621944E-09
* ORBITAL    1    3
 -5.70403754449093E-02  8.63700859189758E-02  8.63204035310548E-02  5.09410745206198E-13  1.90750529888049E-13
  1.80330456968726E-13 -7.34390159150165E-14 -3.33927789394871E-02 -2.14785313509579E-02 -5.06321544922108E-14
  2.18032196588437E-14  9.14369878299018E-03  7.73492027985108E-14 -3.23975767389368E-07  2.83675628461286E-01
  5.74150484248694E-01  4.06383751876838E-01  7.76036807011586E-13  4.90274597920420E-13  3.16982053606928E-13
  1.50720438653092E-13  2.38228084427055E-01  1.63312111153094E-01  1.01923809789037E-16 -4.59834234165482E-15
 -1.29210398815381E-03 -6.59906169721576E-14 -2.89023364246153E-06
* ORBITAL    1    4
  2.40969842729536E-01 -5.50236848138286E-01 -2.35750635083271E-01 -1.67331888343531E-09 -6.56823379657035E-10
  1.44464603136621E-09  5.98344860952095E-10 -7.48085238098007E-02  6.81911049356786E-02  3.46407489815556E-14
  2.45406747473603E-10 -2.03968642668570E-02 -1.66079012099961E-10 -3.51599595938595E-07 -2.32141862877095E-02
 -1.89998554942253E-02  1.48114428529517E-01  2.56054992913409E-10 -6.13760958328419E-10  3.14504692404308E-09
  1.80180620838409E-09  4.19032340889528E-01  1.63704671730938E-01  3.21061293293314E-14 -1.53216454262868E-10
 -2.55684928364535E-02  6.79351279702706E-11 -1.91429922634354E-07
* ORBITAL    1    5
 -5.49964243683812E-10  2.82857341324758E-10  4.02628037977612E-12  1.24490169538413E-09  4.77626348886366E-10
  3.03968779744402E-01  1.25086439805959E-01 -1.94942469706896E-10 -1.40784150877953E-10  1.94813130463930E-14
  4.88585713814443E-02  6.00926816679181E-11  8.79979416957869E-11 -5.58210454815512E-14  9.16978076060347E-10
  2.56376708472368E-09 -2.42064793687017E-10 -1.36029045912504E-09  1.47196252978433E-11  5.70002905798096E-01
  3.44475570660809E-01 -5.57758216959826E-09 -1.25368641812004E-09 -8.10111246904648E-14 -2.96647966300009E-02
  2.13124255305808E-10 -1.78329007093744E-11  2.99707465513291E-14
* ORBITAL    1    6
  1.87586980892036E-10 -2.35984188408630E-10  7.69729775620658E-10  3.03974077734342E-01  1.25081155528680E-01
 -1.86018760710976E-10 -7.06968461958952E-11 -1.38284914268220E-09 -2.59830492915344E-10  5.97537495192734E-14
 -1.09418528344821E-11 -1.45790816786512E-10  4.88591362877433E-02  1.65218165908709E-14 -3.58985620464107E-10
 -7.14138768784410E-10  3.95373232417088E-11  5.70008495497593E-01  3.44469939787750E-01  2.75437754945309E-10
  2.50814567226940E-11  1.71295601455537E-09  6.63083587206022E-10 -2.37748080145495E-14  6.01713393742915E-13
 -8.56859764120863E-11 -2.96650323756698E-02 -6.60408404452159E-14
* ORBITAL    1    7
 -6.74720212205190E-02  2.07570679730359E-01  4.37240894416010E-01 -1.65831602307570E-09 -6.59602199902451E-10
  7.12962512878669E-10  3.01268994329423E-10 -5.22230299842297E-01 -1.44928795882239E-01 -4.55758882239527E-15
  1.40216104131966E-10 -4.63485200474999E-02 -1.92401675994865E-10  3.38803651915936E-09 -1.09465378774166E-01
 -2.13949975685849E-01 -6.94669276812092E-02 -6.65810250729716E-10 -9.55707553655739E-10  2.18562015382914E-09
  1.12871206138963E-09  3.27767750683722E-01  1.48529764382919E-01 -2.41583953273142E-14 -9.34213774786116E-11
 -1.55389895660865E-02  9.31906361974269E-11 -5.73083464792726E-07
* ORBITAL    1    8
  8.53057473162578E-10 -3.94188504578469E-09  3.78483380677397E-10 -6.70351195029329E-01 -2.57691670691436E-01
  3.72017479401769E-09  1.44573022793359E-09 -4.81678276549823E-09 -5.72383141548704E-10 -9.57031781504641E-14
  3.21436502872550E-10 -3.90669197373610E-10 -4.87549069881331E-02  3.09365343821188E-15  1.22616615662891E-09
  4.55185507875675E-09  5.70520806195654E-10  6.86770476339101E-01 -2.51419181194737E-02 -2.13605316406001E-09
  7.72670189410520E-10 -6.69771039400561E-09 -2.38094371528372E-10 -1.93573164869411E-13 -1.07183830386395E-10
  1.31247832579336E-10  1.08315564065821E-02 -2.61904089833010E-13
* ORBITAL    1    9
 -1.51464090114548E-09  5.84941929736781E-09 -7.85302026607669E-10 -3.24002480711474E-09 -1.24816466925395E-09
 -6.70345792115595E-01 -2.57688496366589E-01  7.26716705354909E-09  8.44864477643956E-10  9.14592162589425E-15
 -4.87551078679891E-02  6.32049633920236E-10 -2.44303184138050E-10  1.04784023920618E-13 -1.26075572593586E-09
 -5.23038261678733E-09 -9.30147146882228E-10  3.03642650756565E-09 -2.28554264386040E-10  6.86779259648055E-01
 -2.51536586996242E-02  6.72183069637536E-09 -3.94313588137536E-10 -2.66133364392311E-13  1.08326514359184E-02
 -7.13070202175177E-11  6.02903152730141E-11  1.90479561502342E-13
* ORBITAL    1   10
  1.92569754773756E-01 -7.51727539061985E-01  8.36641074349202E-02  4.18581443602454E-09  1.61114039812389E-09
 -5.96132992552895E-09 -2.31266240901005E-09 -9.07661374423122E-01 -1.02920022802994E-01 -9.78747624103335E-14
 -5.02437765157344E-10 -7.85148849253954E-02  3.08906709132033E-10 -1.36797715640124E-06  1.69785996042173E-01
  6.88580052306919E-01  1.19847901119493E-01 -4.15138631907446E-09  2.09415714210605E-10  3.86034472237699E-09
 -1.07418106855464E-09 -8.99501389444626E-01  3.79108368836857E-02  1.94048632854264E-14  1.59868842786114E-10
  1.08451776279843E-02 -7.12064719079173E-11  5.80581828440007E-07
* ORBITAL    1   11
  1.35809969042466E-01 -7.19576911265402E-01  2.24307909382373E+00 -4.35027481075664E-13  1.30496315227263E-12
  2.38995160862562E-13  3.73557719161999E-13 -2.49891232272575E-02  1.61584678232865E+00 -1.14165620360635E-14
 -8.49110875444297E-14  5.85270831408006E-02 -2.61983090603024E-14  4.70900907584746E-07 -5.83761299469738E-02
  1.59693519169512E-02 -1.93298096024173E+00 -3.13860729687526E-13 -3.60261587295447E-13  5.87260986834541E-14
 -5.09229918696239E-13 -1.62685335671395E-01  5.10862764769328E-01  5.84739500972994E-16  2.52829826945799E-14
 -5.75246317017387E-02  3.67967265409317E-14 -4.69875957071135E-06
* ORBITAL    1   12
 -2.17523332185906E-01  1.24801594086477E+00 -6.76258932142467E-01 -1.73430189404480E-12  2.38866865081216E-12
 -1.52375186146535E-12  3.28857026695657E-12 -5.77104245949431E-01  1.15672144380617E+00 -1.01985753706463E-14
 -1.40492765987632E-13  2.53240575254698E-02 -6.30651244219424E-14  3.67083577204437E-07 -1.36323389133636E-02
  2.54797551222930E-02 -6.64857298500967E-01 -1.44864723329696E-13 -4.17846847330790E-13  1.37698491831899E-13
 -1.32186473708410E-12 -5.78149361977398E-02  2.44865388189054E-01  2.89060811016727E-16  1.09968913003089E-13
 -2.73240490264268E-02  1.05887967384620E-13 -7.48673907579829E-08
* ORBITAL    1   13
  1.61615738783347E-13 -1.02794470095942E-12 -8.67052059528564E-13 -8.51665159928907E-01  1.25288571747338E+00
 -1.61348643303739E-11  2.37374575831598E-11  1.81572151580352E-12 -3.86019871479232E-12 -1.92961804500263E-14
 -6.46239366720998E-13 -1.92828423003143E-13 -3.44199814468944E-02 -1.02978320549547E-14 -1.41857695563373E-13
 -7.37997230661455E-13  3.28791560526718E-12 -1.68639905674928E-03 -2.93087903564328E-01  9.30764154408448E-15
 -5.49117422659705E-12  4.64618655797089E-13 -4.16793978231186E-13 -1.66679579288838E-14  8.24818828565120E-13
  1.81694492169545E-13  4.36753296825688E-02 -2.28582305573554E-14
* ORBITAL    1   14
  5.70020495286313E-13 -2.80865460793206E-12  1.28463734757474E-12  1.61438079038198E-11 -2.37321771117018E-11
 -8.51680415824146E-01  1.25286049740270E+00  1.34863690312576E-12 -2.94212067753604E-12 -9.99949279977380E-15
 -3.44328387640395E-02 -5.50277021159889E-14  6.43683728188201E-13  1.82733939927948E-14 -1.76469421988874E-14
 -1.41730129970717E-13  1.96299505582715E-12  5.42776633664938E-14  5.51707839959115E-12 -1.71945351413591E-03
 -2.93029819940259E-01  4.98638643059661E-14 -3.11779513092543E-13 -2.31421326370475E-14  4.36739610818728E-02
  6.78606088092256E-14 -8.24981051567858E-13  1.55940115584377E-14
* ORBITAL    1   15
 -9.31237466399085E-02  1.08755564230722E+00  2.61586122949847E-01  1.61797763022728E-12  9.36932628327133E-13
  1.23366152914504E-12  1.13454277463098E-12  5.90983530901883E-01  7.35319243466527E-02 -6.79969364531004E-15
  1.01965103970788E-13  1.08208315616042E-01  1.44229198395896E-13 -2.71195122521437E-06 -1.33663070558138E-01
 -4.49695862227391E-01 -5.05001066901250E-01  1.38900058488285E-12 -3.22611590010463E-12  1.62722045799693E-12
 -3.24183237536319E-12 -5.06258702931725E-01  1.64926225896409E+00 -2.37221003332767E-18 -8.65206081637273E-14
  3.83897513105404E-02 -1.12583664849419E-13  6.51010752666203E-07
* ORBITAL    1   16
 -3.07171520798684E-13  3.14185765373040E-12  1.55228229193567E-12 -2.95562318881273E-01 -5.22559559608069E-01
 -8.84892324544700E-11 -1.56322359849955E-10  2.09408667249166E-12  7.04894120131423E-13  5.08183915770151E-14
 -2.03054710081996E-11  1.52362998967488E-13 -6.78805273438615E-02  8.91946103896271E-15 -2.34316933831381E-13
 -5.64021032305047E-13 -3.03473126910799E-12 -7.55963351210059E-01  1.35408775508233E+00 -2.26112710761018E-10
  4.05024671256764E-10 -9.58181747027504E-13  4.65583207581592E-12  4.21232213770338E-14  1.08819824978155E-11
  1.62095704750167E-13  3.63387033270562E-02  4.58192619508862E-14
* ORBITAL    1   17
 -2.06757268083704E-13  2.55855299090977E-12  1.26160387886565E-12  8.84384543807379E-11  1.56289265501267E-10
 -2.95535141532236E-01 -5.22609375789479E-01  5.78709167792298E-13  1.39120790976270E-12  1.20740640563014E-14
 -6.78524701717067E-02  6.06541622826426E-13  2.03205297472137E-11 -5.27539133236588E-14 -2.23331163199841E-13
 -7.69483734443823E-13 -2.28654155214625E-12  2.26130384585743E-10 -4.05047317065818E-10 -7.55962959396535E-01
  1.35408883218572E+00 -1.83267525881860E-12  4.46399217988426E-12  4.65528180407707E-14  3.63443868336349E-02
 -3.58009684632788E-14 -1.08684918263364E-11 -4.28692595700265E-14
* ORBITAL    1   18
 -5.87771673735779E-02  9.73725059410114E-01  1.97780746893514E+00 -3.68496358501937E-13  1.79566840561079E-13
 -1.69676005553546E-13 -2.49409486938123E-14  4.75818216655302E-01  1.52084043817059E+00 -2.20233765165092E-14
 -1.24944083713568E-13  1.56079918710525E-01  1.39466181610122E-13  1.49193010627455E-05  2.73920557802784E-01
  1.93750240433363E+00 -4.58217409230582E+00  7.49414618723258E-13 -5.83818385635351E-13  1.37985390700240E-13
  3.43674931976890E-14  6.85713143737186E-02  1.43380928353423E+00 -1.82362274897279E-15  5.51698270506894E-14
  6.93347829900478E-02  5.22836240480964E-15  3.41024916933356E-05
* ORBITAL    1   19
  1.30383212992170E-06 -1.97358383570756E-05 -4.35239896728384E-05 -1.10967298281175E-13  7.85229622539284E-14
  1.82786928593169E-13 -9.40476394365327E-14 -8.64040529125508E-06 -3.45408302743155E-05  1.37004060072622E-10
 -3.54694077922015E-13 -8.40856229087535E-07  2.92715961030201E-13  9.62561852667029E-01 -6.70648811536565E-06
 -4.74824740397345E-05  1.05201715212636E-04  1.67031173033996E-14 -1.10428152078164E-13 -6.74871566942953E-14
  2.04865901173472E-13 -2.29222725400074E-06 -2.76887278089033E-05  2.67826008952007E-11  1.05042899834522E-13
 -4.61411833450448E-06 -9.60621195517329E-14  1.88210186204552E-01
* ORBITAL    1   20
 -1.87971837196418E-14  1.85734491835979E-14  1.17873553531799E-13 -1.92344922101766E-13  9.88858586703885E-14
 -1.06106437593788E-13  7.65040488193492E-14 -5.63472110626348E-14  7.75837645258172E-14  9.62566726890210E-01
  2.77759468473078E-13  6.69444604729267E-14  3.77518075641695E-13 -1.37002658456180E-10  9.10275883131712E-14
  1.02153523714789E-13 -1.55103570351975E-13  5.97570161168365E-14 -2.11132919308110E-13  2.19119154615614E-14
 -1.08616969958844E-13 -5.40831053009426E-14  6.60194019808071E-14  1.88193636102278E-01 -9.10784970103945E-14
 -1.13697780947555E-14 -1.12248606848025E-13 -2.67871233861168E-11
* ORBITAL    1   21
  3.03499072157625E-14  6.36145768211771E-14  2.30003356484029E-13  1.76765458212521E-01 -1.94455619971107E-01
  2.80659875283264E-10 -3.08689842950075E-10 -3.85391750247317E-14  1.80506323539517E-13  4.11545975210326E-13
 -1.43303095100861E-09  1.16069416006483E-13 -9.02795459896529E-01  3.23700205901165E-13  6.49435562024967E-14
  3.05634441477858E-13 -5.39281236225582E-13  1.43858194820382E-01  2.28902921141503E-01  2.28331313026604E-10
  3.63442346978286E-10 -2.46376750799125E-14  4.90516673522331E-14  6.25577575206649E-14  4.43089388697412E-10
 -1.44612162724472E-14  2.79141021659287E-01  4.27118927765221E-14
* ORBITAL    1   22
 -3.98056858339846E-14  1.50317737187835E-13 -8.56705087537136E-13 -2.80600700239339E-10  3.08670110542155E-10
  1.76767649769570E-01 -1.94473849045056E-01  5.79264851583304E-13 -7.20015901676187E-13  3.05544319437972E-13
 -9.02793443923284E-01 -7.57420069536188E-13  1.43303652185133E-09 -3.85258824653666E-13 -4.43546600379228E-14
 -3.97955451950946E-13  1.20063356718418E-12 -2.28313525735383E-10 -3.63346701532582E-10  1.43841273552814E-01
  2.28931307091399E-01  4.07228868109502E-13 -5.41839287864413E-13  4.17015246090757E-14  2.79146009166821E-01
  1.32962024605780E-13 -4.43091523029394E-10 -5.95798336450146E-14
* ORBITAL    1   23
 -3.49801104598911E-02 -3.63077464586865E-02  2.50979658821418E-01 -5.97634338163241E-14  9.76264067244221E-14
  5.12379210306050E-14 -3.84059788033536E-14  1.23297703883473E-01  3.08958863624754E-01 -3.43507317338212E-14
 -5.64589794198571E-13  1.21537377761908E+00 -4.78518639242106E-14  4.92191044715214E-06 -9.93779845815002E-02
 -7.09374149554045E-01 -3.07795497328571E-02 -2.92448551651610E-13  2.14649049152381E-13  4.19849364228335E-13
 -1.84728701530651E-13  5.77364243743856E-01 -2.38343118238722E-01 -5.71367752666063E-14  8.13714270036164E-14
  5.46025056548175E-02 -1.84014208661015E-13 -2.05782419868029E-05
* ORBITAL    1   24
 -5.51716650811227E-14  1.89648368781035E-14  3.95883932957515E-15 -9.33876316477030E-14 -7.17036428510780E-15
 -1.43003816543308E-13 -7.53824823029476E-15  1.65703841562445E-14 -6.16067811943613E-15 -2.90890795601164E-01
 -4.73560185780312E-15  5.63057222994200E-14 -2.25565350338066E-15 -2.48836281444322E-11  3.90035443457395E-14
 -8.42864895890469E-14  3.81533618869108E-14  1.59779013963054E-13 -4.23933100643830E-14  2.56686366322669E-13
 -4.61925640866564E-14  5.62891686435339E-14 -4.00075798202257E-14  9.87793153454817E-01  3.04829498850893E-14
  1.55952855914729E-14  3.09120326547269E-14  8.45039595807428E-11
* ORBITAL    1   25
 -2.03734576932568E-06  5.06489720291573E-06 -2.58659344690768E-05 -1.46794993993585E-13 -1.10418347698733E-14
  9.38788684620812E-14  6.80499650663353E-15  1.47044319369353E-05 -1.73532500993326E-05  2.48843561518948E-11
 -7.02129964875813E-16  3.59641428717410E-05 -4.23446724094869E-15 -2.90906923583038E-01 -9.85654164553325E-06
 -6.55831947081929E-05  7.41413161106879E-05  2.45793604363265E-13 -5.15387977241242E-14 -1.60310071581324E-13
  4.41980348596459E-14  1.87195876420465E-05 -1.45740390907280E-05 -8.45042600063061E-11 -3.28471621184736E-14
 -3.41614570224643E-05  3.61705107671151E-14  9.87789999045630E-01
* ORBITAL    1   26
  2.50658717232120E-14 -2.10561434005249E-13 -2.15458973386624E-13  2.58980661071018E-01  1.65155917387782E-01
  1.09744381866722E-11  6.99878594089759E-12  1.73736790540891E-14 -1.20653267534314E-13  3.60008257521100E-15
  3.09355437348655E-11  7.19589423004882E-14  7.30478028855760E-01  1.18196663858579E-14 -1.27004107475863E-13
 -4.29762705949551E-13  6.45640143118354E-13 -2.17745366034809E-02 -3.69254073713947E-01 -8.63637841217914E-13
 -1.56209236501009E-11  3.01879746418508E-13 -3.51484175466350E-13 -2.54181160423654E-14  4.58408152454922E-11
  2.88486565750883E-13  1.08255142945865E+00 -2.75220407796127E-14
* ORBITAL    1   27
 -1.39198385455581E-14 -5.27547033370943E-14 -8.81261302197073E-14 -1.09673484776505E-11 -6.99328746187062E-12
  2.58980213465146E-01  1.65169095246810E-01  5.15407483006141E-15 -4.90029078902559E-14  1.09433461187192E-14
  7.30482545510159E-01  1.69661650100059E-14 -3.09369320418352E-11 -4.42194541222052E-15 -4.25587899450430E-14
 -2.29362646383191E-13  2.83806360233886E-13  9.41332482783914E-13  1.56358349474117E-11 -2.17666374988668E-02
 -3.69272571261730E-01  1.56918255475072E-13 -1.78253838625356E-13 -2.25629339224922E-14  1.08255000331508E+00
  1.63047419365058E-13 -4.58427979029051E-11  2.61834373568357E-14
* ORBITAL    1   28
  1.34722346340971E-01 -1.50253505871986E+00 -6.94653091473144E-01  8.15127649560097E-14 -6.58647410275280E-14
  1.93986496992374E-16 -4.63085133082745E-15 -1.05332063443208E+00 -5.57763082186647E-01  1.64361156482025E-14
  3.08236373458009E-14 -6.01624980494589E-01 -1.71738204804462E-13 -5.16297938475389E-06  7.20311644277598E-03
 -2.12600893528331E-01  2.13989474639169E+00 -4.04867167011420E-14  5.14170267237524E-14 -1.00145479336463E-13
  1.66258858988542E-13 -2.91500525588155E-01 -1.25862924856938E+00 -1.02130398933000E-14 -1.73923890442693E-13
  1.28857333258084E+00 -2.38806117176110E-13  2.56490092378519E-05
#OCC
* OCCUPATION NUMBERS
  0.00000000000000E+00  0.00000000000000E+00  0.00000000000000E+00  0.00000000000000E+00  0.00000000000000E+00
  0.00000000000000E+00  0.00000000000000E+00  0.00000000000000E+00  0.00000000000000E+00  0.00000000000000E+00
  0.00000000000000E+00  0.00000000000000E+00  0.00000000000000E+00  0.00000000000000E+00  0.00000000000000E+00
  0.00000000000000E+00  0.00000000000000E+00  0.00000000000000E+00  0.00000000000000E+00  0.00000000000000E+00
  0.00000000000000E+00  0.00000000000000E+00  0.00000000000000E+00  0.00000000000000E+00  0.00000000000000E+00
  0.00000000000000E+00  0.00000000000000E+00  0.00000000000000E+00
#OCHR
* OCCUPATION NUMBERS (HUMAN-READABLE)
  0.0000  0.0000  0.0000  0.0000  0.0000  0.0000  0.0000  0.0000  0.0000  0.0000
  0.0000  0.0000  0.0000  0.0000  0.0000  0.0000  0.0000  0.0000  0.0000  0.0000
  0.0000  0.0000  0.0000  0.0000  0.0000  0.0000  0.0000  0.0000
#ONE
* ONE ELECTRON ENERGIES
  0.0000E+00  0.0000E+00  0.0000E+00  0.0000E+00  0.0000E+00  0.0000E+00  0.0000E+00  0.0000E+00  0.0000E+00  0.0000E+00
  0.0000E+00  0.0000E+00  0.0000E+00  0.0000E+00  0.0000E+00  0.0000E+00  0.0000E+00  0.0000E+00  0.0000E+00  0.0000E+00
  0.0000E+00  0.0000E+00  0.0000E+00  0.0000E+00  0.0000E+00  0.0000E+00  0.0000E+00  0.0000E+00
#INDEX
* 1234567890
0 iii2222222
1 ssssssssss
2 ssssssss
