#INPORB 2.2
#INFO
* RASSCF natural orbitals for root number  1 E=     -112.773482063700
       0       1       0
      28
      28
*BC:HOST mgt PID 65426 DATE Thu Oct  9 14:57:14 2025
#ORB
* ORBITAL    1    1
  4.85532012329826E-04 -1.99895455081308E-03 -7.52193859827170E-03 -3.29150134394994E-14  1.05581399373703E-13
 -4.78979725964949E-14  8.94163960428911E-14  2.96115514771638E-04 -5.24665519158511E-03 -4.26804597211741E-14
  3.48503975250991E-14  1.50681439697883E-03  4.10357139985052E-14  1.42452989247542E-08  9.89917797149209E-01
 -3.54966055001905E-02  2.04197296565283E-02 -4.06184133498533E-14 -1.36632263371719E-13 -1.80207221880170E-14
 -8.80142982012018E-14  5.18032228367165E-03 -2.86677230160736E-03 -6.74405676650140E-14 -1.35671042167011E-14
 -1.00703767203307E-03  6.22778413896236E-14 -1.08008904317599E-07
* ORBITAL    1    2
  9.98596855336477E-01  1.56517749493547E-02 -2.09193598425842E-02 -4.44423815661324E-14 -2.38413484158396E-14
 -1.30207138925226E-14 -8.21578060228237E-14  1.50048650690003E-02  7.10800842156772E-03  3.37369629584840E-15
  4.42919305349388E-14  2.88376503820487E-03  8.67332733537682E-15 -9.81185123278922E-09  3.10069852680494E-03
  5.14854607730737E-03 -1.76149032621146E-03  1.43244491788192E-14  3.59488610604189E-14  5.01569928619980E-15
  9.20994130132677E-14  1.48582176960067E-04  4.89717429696212E-03  4.41381749725537E-14 -2.56670182977496E-14
  3.52328478567713E-04 -4.77455494798537E-14  9.54187064822081E-09
* ORBITAL    1    3
 -5.70403754449090E-02  8.63700859189774E-02  8.63204035310571E-02  5.09889314587182E-13  1.89904417509883E-13
  1.80785727301641E-13 -7.42438108125848E-14 -3.33927789394868E-02 -2.14785313509566E-02 -5.07931032801783E-14
  2.20654630839175E-14  9.14369878299060E-03  7.70605456038433E-14 -3.23975768113886E-07  2.83675628461287E-01
  5.74150484248697E-01  4.06383751876833E-01  7.76307068265502E-13  4.91073577914913E-13  3.16456140838241E-13
  1.51069996136569E-13  2.38228084427055E-01  1.63312111153096E-01 -1.34096458966843E-16 -4.91054703641617E-15
 -1.29210398815398E-03 -6.61072163054981E-14 -2.89023364339222E-06
* ORBITAL    1    4
  2.31399343282406E-01 -5.68472163032557E-01 -4.60112879400587E-01  8.51357146772302E-14  1.09202204446389E-13
  1.92690031624843E-13 -5.62743297830852E-14  2.61944472702138E-01  1.43519625471799E-01  2.76012799714361E-14
  7.57803510161675E-14  1.27511583190382E-02 -5.50053960496404E-14 -2.96333109150279E-07  5.57024406462420E-02
  1.35567031173522E-01  1.60258232563029E-01  2.85381515382322E-13  1.39096299909490E-13  1.19120779473232E-13
 -2.11688719684005E-14  9.37059153960575E-02  3.05387730738348E-02  4.03965820437331E-14  1.21238770663965E-14
 -9.38873719139613E-03 -4.03768685103880E-14  2.32478988601402E-07
* ORBITAL    1    5
 -2.14602429984555E-14 -1.18737111872952E-14  2.60070670291552E-13  1.21832987049011E-09  4.99480178997806E-10
  3.20487401083877E-01  1.31433854768181E-01 -3.19126901304110E-14  2.56374882933884E-14  1.96120034763610E-14
  5.00517767491138E-02  3.97959170189926E-15  1.90304511084958E-10 -5.63193870749148E-14 -8.72150802790140E-14
 -2.05091977630416E-13 -4.46493021229086E-13  2.10149639170580E-09  1.31156086681572E-09  5.52808645906655E-01
  3.44993119617095E-01 -4.81441695026583E-15 -1.76667668897076E-14 -7.49652555083044E-14 -2.99241325997977E-02
 -1.12915197534599E-13 -1.13857146350003E-10  2.05077778126251E-14
* ORBITAL    1    6
 -5.35138797188341E-14  1.45884001342628E-13 -3.17664938429202E-14  3.20495783500592E-01  1.31429784718268E-01
 -1.21833657527001E-09 -4.99629125860785E-10 -6.07146333478349E-14  2.40499280218049E-14  6.28457275247280E-14
 -1.90259637753258E-10  1.40811020742302E-14  5.00525482620681E-02  1.67642516872299E-14 -3.40294717044716E-13
 -9.75963821235424E-13 -5.09311459831756E-13  5.52811329752263E-01  3.44987273473233E-01 -2.10148682592940E-09
 -1.31149085383489E-09 -4.84363764111400E-13 -3.62474830751994E-13 -1.94591276852944E-14  1.13735020316681E-10
  6.13545200352628E-15 -2.99243861048427E-02 -5.67852239730908E-14
* ORBITAL    1    7
  1.01567446011507E-01 -1.88112814689882E-01  1.82394335694617E-01  5.47122290835201E-14  4.98248468998508E-15
  4.24685477677037E-14 -1.64539685142555E-13 -4.39701415977240E-01 -6.61720545738026E-02  2.01136528166444E-14
 -1.19312768236233E-13 -4.78909573121753E-02 -8.86141841168700E-14 -2.11078103274348E-07 -1.00292265222936E-01
 -1.82309858985655E-01  4.09811909900460E-02  8.91592553242454E-14  1.21410703452583E-13 -3.92158891261524E-14
 -2.84128015118454E-14  5.28666106780365E-01  2.18669005206169E-01  1.35184478263836E-15 -3.32282934438953E-15
 -2.84413794107344E-02 -5.23581437242595E-14 -5.67205645460601E-07
* ORBITAL    1    8
 -8.36557416838755E-15 -3.21731465186673E-13  5.91391821772757E-14 -6.62611060404244E-01 -2.54512287131767E-01
  2.44593784083695E-09  9.39488136514785E-10  2.70049829335661E-14 -1.02535470807286E-13 -9.44743515004619E-14
  1.75466041342215E-10  2.07385917994429E-13 -4.75289234748614E-02  1.07934326837048E-14 -2.81875528598703E-13
 -1.71882841293455E-12  1.81272911609500E-12  7.00687523656586E-01 -1.65962828852533E-02 -2.58660805663841E-09
  6.12938751902207E-11 -3.84788347617709E-13  3.92031950016306E-13 -1.94322034268360E-13 -3.72792391630625E-11
  1.10587436034970E-13  1.00929617202693E-02 -2.67555969977705E-13
* ORBITAL    1    9
 -1.65937854897059E-13  6.84467057007221E-13 -4.89497598280276E-14 -2.44593890571356E-09 -9.39516846431895E-10
 -6.62607218352536E-01 -2.54509568393372E-01  1.40912044612225E-13  6.46364696560581E-13  9.62028617678644E-15
 -4.75293612929093E-02 -2.03478898356558E-13 -1.75510039621716E-10  9.29391293120694E-14 -1.84431802135717E-13
 -7.59294699787081E-13 -2.06218608948076E-14  2.58659998774158E-09 -6.13325113567851E-11  7.00693702777363E-01
 -1.66094173567693E-02 -1.39571209838973E-13  5.75960803662361E-13 -2.68100149503055E-13  1.00941955787032E-02
  7.31099556044755E-14  3.72423522264388E-11  1.95695981265450E-13
* ORBITAL    1   10
  1.89315733750458E-01 -7.43231752499583E-01  9.37341404237602E-02 -5.72279951916832E-13  5.51062887248753E-13
  2.53626810485672E-13  5.00277439045163E-14 -9.16633912713279E-01 -1.06161622349649E-01 -9.72803454582930E-14
 -6.10997258354653E-13 -7.92001812283807E-02  2.44591854955863E-13 -1.36478129220018E-06  1.67891487841728E-01
  6.84589490435839E-01  1.17323903206679E-01 -3.52319166714194E-13  2.96767717800415E-13  9.44554958022730E-13
 -8.86490812023342E-13 -8.96578998010722E-01  3.93546885223364E-02  1.90230976054727E-14  3.91468841374898E-13
  1.07594354689681E-02  3.10240112788147E-13  5.71293801918422E-07
* ORBITAL    1   11
  1.35809969042467E-01 -7.19576911265404E-01  2.24307909382373E+00 -4.33416178809682E-13  1.30450226266886E-12
  2.39042829528915E-13  3.74225760407335E-13 -2.49891232272576E-02  1.61584678232865E+00 -1.16172203650537E-14
 -8.48704450345661E-14  5.85270831408011E-02 -2.56326872597510E-14  4.70900908193959E-07 -5.83761299469738E-02
  1.59693519169504E-02 -1.93298096024173E+00 -3.14937125995429E-13 -3.60341309003945E-13  5.94084246471984E-14
 -5.09906936246871E-13 -1.62685335671394E-01  5.10862764769327E-01  4.38588149767916E-16  2.61261796218488E-14
 -5.75246317017389E-02  3.80049002863477E-14 -4.69875956964990E-06
* ORBITAL    1   12
 -2.17523332185906E-01  1.24801594086477E+00 -6.76258932142468E-01 -1.73427983078417E-12  2.38846399812926E-12
 -1.52349967034966E-12  3.28784809818299E-12 -5.77104245949432E-01  1.15672144380617E+00 -1.02333169201257E-14
 -1.40920731148484E-13  2.53240575254687E-02 -6.27824560815343E-14  3.67083576823147E-07 -1.36323389133639E-02
  2.54797551222957E-02 -6.64857298500967E-01 -1.44259623278925E-13 -4.17815250882568E-13  1.36705562897122E-13
 -1.32173843958337E-12 -5.78149361977403E-02  2.44865388189053E-01 -2.88576614925921E-16  1.08479825607227E-13
 -2.73240490264270E-02  1.05417370418014E-13 -7.48673911781855E-08
* ORBITAL    1   13
  1.62688914650470E-13 -1.02793471410222E-12 -8.67562348869834E-13 -8.51665159928907E-01  1.25288571747338E+00
 -1.61332937847528E-11  2.37372335907841E-11  1.81594844869806E-12 -3.86065837179534E-12 -1.95007285413684E-14
 -6.45764811797602E-13 -1.92640340081308E-13 -3.44199814468939E-02 -1.00383711872202E-14 -1.42302257896852E-13
 -7.37226232950585E-13  3.28695358450813E-12 -1.68639905674910E-03 -2.93087903564327E-01  9.15770690511821E-15
 -5.49144292400698E-12  4.64534402562655E-13 -4.16363628803646E-13 -1.68728603821698E-14  8.25255662969388E-13
  1.81909331897682E-13  4.36753296825690E-02 -2.29356918425237E-14
* ORBITAL    1   14
  5.69487507782055E-13 -2.80903508016131E-12  1.28609472609238E-12  1.61446328408855E-11 -2.37328980660649E-11
 -8.51680415824146E-01  1.25286049740270E+00  1.34958076527961E-12 -2.94183020746421E-12 -9.61884448100789E-15
 -3.44328387640403E-02 -5.39086167024161E-14  6.44474113136664E-13  1.77656533528588E-14 -1.77839703071257E-14
 -1.42621700970876E-13  1.96169183581056E-12  5.39367696304773E-14  5.51736252386298E-12 -1.71945351413492E-03
 -2.93029819940260E-01  5.04787622789642E-14 -3.11779009266151E-13 -2.32833637734490E-14  4.36739610818728E-02
  6.70103280670837E-14 -8.24080518285533E-13  1.55191620232314E-14
* ORBITAL    1   15
 -9.31237466399088E-02  1.08755564230722E+00  2.61586122949846E-01  1.61789324162894E-12  9.37067791225764E-13
  1.23405317264203E-12  1.13444366582567E-12  5.90983530901883E-01  7.35319243466504E-02 -6.95185788202632E-15
  1.02433780085644E-13  1.08208315616041E-01  1.43737253332533E-13 -2.71195122487196E-06 -1.33663070558137E-01
 -4.49695862227389E-01 -5.05001066901249E-01  1.38875643233445E-12 -3.22585418884604E-12  1.62702572647032E-12
 -3.24238709463054E-12 -5.06258702931724E-01  1.64926225896409E+00  4.84356642641859E-16 -8.62092287925702E-14
  3.83897513105400E-02 -1.13328233207718E-13  6.51010752229143E-07
* ORBITAL    1   16
 -3.07216607207790E-13  3.14248945073163E-12  1.55250455172867E-12 -2.95562318881273E-01 -5.22559559608067E-01
 -8.84892697381527E-11 -1.56321613678997E-10  2.09463075085753E-12  7.04588579410711E-13  5.14057640457587E-14
 -2.03055116626939E-11  1.52254086739956E-13 -6.78805273438607E-02  9.00673977818101E-15 -2.34759868866932E-13
 -5.64460347579427E-13 -3.03440359886043E-12 -7.55963351210057E-01  1.35408775508233E+00 -2.26112219950133E-10
  4.05024014169835E-10 -9.57901884781680E-13  4.65591065485475E-12  4.18556843633623E-14  1.08814201120194E-11
  1.61787538919289E-13  3.63387033270561E-02  4.55948405060194E-14
* ORBITAL    1   17
 -2.06318149912004E-13  2.55856565045094E-12  1.26008135204996E-12  8.84387605885518E-11  1.56288948168417E-10
 -2.95535141532235E-01 -5.22609375789479E-01  5.79067715270204E-13  1.39037455346586E-12  1.17340863888503E-14
 -6.78524701717070E-02  6.06051069652406E-13  2.03197999309191E-11 -5.24957322479121E-14 -2.23191057307764E-13
 -7.68498056323508E-13 -2.28572099504701E-12  2.26131520045831E-10 -4.05047454896737E-10 -7.55962959396534E-01
  1.35408883218572E+00 -1.83330780234301E-12  4.46407272948340E-12  4.68197942077992E-14  3.63443868336349E-02
 -3.67771015434562E-14 -1.08691966875744E-11 -4.27145855045526E-14
* ORBITAL    1   18
 -5.87771673735779E-02  9.73725059410115E-01  1.97780746893514E+00 -3.69192025570992E-13  1.80277756746905E-13
 -1.69905233033155E-13 -2.50908753122591E-14  4.75818216655302E-01  1.52084043817060E+00 -2.19905050893816E-14
 -1.24990991077642E-13  1.56079918710524E-01  1.39377818126184E-13  1.49193010627482E-05  2.73920557802784E-01
  1.93750240433363E+00 -4.58217409230582E+00  7.49581817266960E-13 -5.84160645311690E-13  1.38649474641372E-13
  3.42227118737449E-14  6.85713143737184E-02  1.43380928353424E+00 -1.77483565531711E-15  5.46776442453960E-14
  6.93347829900482E-02  4.57649361106702E-15  3.41024916937215E-05
* ORBITAL    1   19
  1.30383213015216E-06 -1.97358383578143E-05 -4.35239896698556E-05 -1.10636231052630E-13  7.90207706664572E-14
  1.82803958044494E-13 -9.48514881914533E-14 -8.64040529096775E-06 -3.45408302730521E-05  1.37003801735794E-10
 -3.54363627014823E-13 -8.40856229055043E-07  2.93045268215051E-13  9.62561852667028E-01 -6.70648811556443E-06
 -4.74824740390275E-05  1.05201715208953E-04  1.66064149011298E-14 -1.10514555707296E-13 -6.75213585037714E-14
  2.05402091928574E-13 -2.29222725563068E-06 -2.76887278074129E-05  2.67828484951306E-11  1.04626958722238E-13
 -4.61411833532160E-06 -9.54556166147183E-14  1.88210186204553E-01
* ORBITAL    1   20
 -1.82185789892015E-14  1.76191889537414E-14  1.17800464367288E-13 -1.91584083050006E-13  9.84878970256203E-14
 -1.06390549663025E-13  7.69287762772084E-14 -5.72807031217620E-14  7.70308999848323E-14  9.62566726890207E-01
  2.77076344444509E-13  6.74522055657464E-14  3.77632197665352E-13 -1.37002905440813E-10  9.04228240731271E-14
  1.02369270076804E-13 -1.54544767347344E-13  5.95181869703894E-14 -2.10331013126049E-13  2.22429050105433E-14
 -1.08687835663437E-13 -5.45840211102452E-14  6.57220862810237E-14  1.88193636102276E-01 -9.17934889105063E-14
 -1.12044378360926E-14 -1.11338398636341E-13 -2.67869143500819E-11
* ORBITAL    1   21
  3.07501983330488E-14  6.12147186174301E-14  2.29872443366874E-13  1.76765458212522E-01 -1.94455619971107E-01
  2.80659912660473E-10 -3.08690001992534E-10 -3.94483939070939E-14  1.79405958157917E-13  4.12071041718382E-13
 -1.43303024240120E-09  1.15272909711009E-13 -9.02795459896530E-01  3.23647289814657E-13  6.44303206988563E-14
  3.05350426958025E-13 -5.36412980389239E-13  1.43858194820382E-01  2.28902921141502E-01  2.28331059279831E-10
  3.63442673538705E-10 -2.51790244160387E-14  4.78988423828946E-14  6.24538229489369E-14  4.43089437559832E-10
 -1.36631986284479E-14  2.79141021659288E-01  4.32393316773321E-14
* ORBITAL    1   22
 -4.02923759038848E-14  1.49684793397805E-13 -8.55170151049134E-13 -2.80600612855700E-10  3.08670388059733E-10
  1.76767649769569E-01 -1.94473849045055E-01  5.79487452008858E-13 -7.20029079940395E-13  3.05800076482214E-13
 -9.02793443923285E-01 -7.57347294417847E-13  1.43303720544651E-09 -3.85862174896932E-13 -4.42917999532284E-14
 -3.98698408641549E-13  1.19998343113302E-12 -2.28314144737959E-10 -3.63347477664726E-10  1.43841273552813E-01
  2.28931307091399E-01  4.07752996469099E-13 -5.41684688214465E-13  4.15219018816167E-14  2.79146009166821E-01
  1.32273465722562E-13 -4.43091519199744E-10 -5.94835114380279E-14
* ORBITAL    1   23
 -3.49801104598903E-02 -3.63077464586881E-02  2.50979658821419E-01 -6.01511843478157E-14  9.79309906191058E-14
  5.04644849650280E-14 -3.74244700241312E-14  1.23297703883473E-01  3.08958863624753E-01 -3.37163529188042E-14
 -5.64739151927202E-13  1.21537377761908E+00 -4.75336841118536E-14  4.92191044675428E-06 -9.93779845815002E-02
 -7.09374149554044E-01 -3.07795497328568E-02 -2.92174006013523E-13  2.14148464924993E-13  4.20705440517085E-13
 -1.85745626849651E-13  5.77364243743855E-01 -2.38343118238722E-01 -5.73960280646068E-14  8.09750299010799E-14
  5.46025056548168E-02 -1.83947984219551E-13 -2.05782419864473E-05
* ORBITAL    1   24
 -5.46355572760906E-14  1.81136055843809E-14  3.69123810640315E-15 -9.31320097518146E-14 -7.08995897053616E-15
 -1.43056437133825E-13 -7.94304495696060E-15  1.67068739300917E-14 -7.27709088389081E-15 -2.90890795601164E-01
 -4.36253346033078E-15  5.55723025191303E-14 -1.67945312731544E-15 -2.48835439743502E-11  4.05624889338400E-14
 -8.42596923063145E-14  3.94650372922232E-14  1.59570504975684E-13 -4.32919326844224E-14  2.56039170008929E-13
 -4.60729454493168E-14  5.51773843078466E-14 -4.01426786632272E-14  9.87793153454816E-01  3.07657435870628E-14
  1.63868828755244E-14  3.14316069536960E-14  8.45046601766131E-11
* ORBITAL    1   25
 -2.03734576837427E-06  5.06489720168450E-06 -2.58659344659128E-05 -1.46624374688803E-13 -1.11831270833581E-14
  9.34922841363110E-14  6.58923009016854E-15  1.47044319368729E-05 -1.73532500974998E-05  2.48844027694655E-11
 -1.00924887435409E-15  3.59641428724014E-05 -4.42638865808247E-15 -2.90906923583037E-01 -9.85654164525641E-06
 -6.55831947078303E-05  7.41413161069022E-05  2.46784702527440E-13 -5.16177098533609E-14 -1.60229311426639E-13
  4.43156109198672E-14  1.87195876423408E-05 -1.45740390903801E-05 -8.45035667840697E-11 -3.28953348256917E-14
 -3.41614570228270E-05  3.66565652121963E-14  9.87789999045628E-01
* ORBITAL    1   26
  2.50602038949519E-14 -2.11474125361210E-13 -2.12837750811766E-13  2.58980661071018E-01  1.65155917387782E-01
  1.09741905217860E-11  7.00034126067298E-12  1.69888595979233E-14 -1.19716385580451E-13  4.14597170823309E-15
  3.09355186655952E-11  7.25247088662171E-14  7.30478028855759E-01  1.22381352298570E-14 -1.26725754501309E-13
 -4.30592348838300E-13  6.44313023044328E-13 -2.17745366034822E-02 -3.69254073713947E-01 -8.63349798543766E-13
 -1.56221092491355E-11  3.02731338061647E-13 -3.51440806666850E-13 -2.47532284209838E-14  4.58409930714787E-11
  2.87053757258591E-13  1.08255142945865E+00 -2.70841691943989E-14
* ORBITAL    1   27
 -1.40570511153962E-14 -5.50260683905177E-14 -8.67591523264856E-14 -1.09675484090569E-11 -6.99249454974230E-12
  2.58980213465147E-01  1.65169095246809E-01  5.59624981622071E-15 -5.02280180949291E-14  1.01718134587597E-14
  7.30482545510158E-01  1.63527650899438E-14 -3.09370291004437E-11 -4.60872950367259E-15 -4.27462105263472E-14
 -2.30007335142997E-13  2.85489827860445E-13  9.41417374530337E-13  1.56350094675829E-11 -2.17666374988671E-02
 -3.69272571261729E-01  1.55792503382312E-13 -1.78707323659356E-13 -2.24016254908059E-14  1.08255000331508E+00
  1.63462926314158E-13 -4.58426042893250E-11  2.60291241706737E-14
* ORBITAL    1   28
  1.34722346340970E-01 -1.50253505871986E+00 -6.94653091473143E-01  8.13550115006539E-14 -6.59193000247977E-14
  5.93229721858849E-16 -5.08492810012732E-15 -1.05332063443208E+00 -5.57763082186647E-01  1.63472193729852E-14
  3.15319179549477E-14 -6.01624980494589E-01 -1.73053452477315E-13 -5.16297938527854E-06  7.20311644277757E-03
 -2.12600893528329E-01  2.13989474639169E+00 -4.03232260575667E-14  5.15653527429249E-14 -9.96902733944976E-14
  1.65052620457810E-13 -2.91500525588156E-01 -1.25862924856938E+00 -9.62333105434606E-15 -1.73739521882762E-13
  1.28857333258084E+00 -2.39713909129869E-13  2.56490092374748E-05
#OCC
* OCCUPATION NUMBERS
  2.00000000000000E+00  2.00000000000000E+00  2.00000000000000E+00  1.99042363508538E+00  1.95489521789305E+00
  1.95489362493355E+00  1.98196521521924E+00  4.95220805131574E-02  4.95202520755371E-02  1.87799742800905E-02
  0.00000000000000E+00  0.00000000000000E+00  0.00000000000000E+00  0.00000000000000E+00  0.00000000000000E+00
  0.00000000000000E+00  0.00000000000000E+00  0.00000000000000E+00  0.00000000000000E+00  0.00000000000000E+00
  0.00000000000000E+00  0.00000000000000E+00  0.00000000000000E+00  0.00000000000000E+00  0.00000000000000E+00
  0.00000000000000E+00  0.00000000000000E+00  0.00000000000000E+00
#OCHR
* OCCUPATION NUMBERS (HUMAN-READABLE)
  2.0000  2.0000  2.0000  1.9904  1.9549  1.9549  1.9820  0.0495  0.0495  0.0188
  0.0000  0.0000  0.0000  0.0000  0.0000  0.0000  0.0000  0.0000  0.0000  0.0000
  0.0000  0.0000  0.0000  0.0000  0.0000  0.0000  0.0000  0.0000
#ONE
* ONE ELECTRON ENERGIES
 -2.0669E+01 -1.1312E+01 -1.1976E+00 -9.6383E-01 -2.7833E-10 -6.3534E-01 -1.1257E-09  2.6872E-01 -1.9603E-11 -3.3401E-11
  4.1179E-01  6.0664E-01  6.4032E-01  6.4033E-01  1.0129E+00  1.0832E+00  1.0832E+00  1.4748E+00  1.9031E+00  1.9031E+00
  1.9700E+00  1.9700E+00  2.6622E+00  2.9493E+00  2.9493E+00  3.5491E+00  3.5491E+00  3.9641E+00
#INDEX
* 1234567890
0 iii2222222
1 ssssssssss
2 ssssssss
