#INPORB 2.2
#INFO
* RASSCF natural orbitals for root number  1 E=      -78.120165757797
       0       1       0
      48
      48
*BC:HOST mgt PID 57243 DATE Thu Oct  9 13:06:22 2025
#ORB
* ORBITAL    1    1
  6.99797669036675E-01  2.18928752154261E-02 -1.22300453678285E-02 -4.34572921712000E-14  1.72692754585935E-14
  3.97572873465884E-08 -1.01939885892079E-07 -9.69355893753500E-04 -1.43097828360284E-03 -1.06641698126729E-15
 -3.24110083934263E-09  4.33261405312376E-04  3.92243828709158E-14 -5.74192317774804E-04  7.03053698174057E-01
  2.20255458383758E-02 -1.23451619695845E-02 -7.49722774468803E-15  3.68985747932671E-14 -3.18145820961224E-08
 -1.11488722774688E-08  9.76507576008850E-04  1.42433326519951E-03  1.99378656648672E-15  3.28527934643968E-09
  4.39889210103709E-04  7.44582665709391E-15 -5.81716472055382E-04 -3.20784965001501E-03  2.93710457776524E-03
  4.08684599235793E-14  8.91946467229918E-04  1.23976309821498E-04 -3.20793014502693E-03  2.93690892794865E-03
  4.86302226996489E-14 -8.91955286017807E-04  1.23989998064068E-04 -3.22199270743214E-03  2.95737442205026E-03
 -6.91048214470899E-15  8.98549007885568E-04 -1.28691956843030E-04 -3.22193002363803E-03  2.95734400676670E-03
 -1.42383033520156E-14 -8.98546652464541E-04 -1.28689559552930E-04
* ORBITAL    1    2
 -7.03044262014198E-01 -2.59628117727895E-02  2.44966000866459E-02 -3.13049965764137E-14 -4.94685509330946E-14
 -3.32412082771945E-08  9.23325351269741E-08  1.76805839340831E-03 -1.55902409230094E-03  8.13378031919632E-16
  1.48207137525033E-08 -9.85637363297478E-04  5.23156080592437E-15  1.39226455218414E-03  6.99779961997752E-01
  2.58728450220855E-02 -2.44395428934854E-02 -3.14618038435185E-14  7.43122941597098E-14 -9.81337033966700E-09
  9.82001177732746E-08  1.76358494933948E-03 -1.56588274914581E-03  1.36776557845834E-15 -1.50858311478435E-08
  9.83964495779030E-04 -8.51170466530678E-15 -1.39028533730227E-03  3.25957831166055E-03 -4.04047586956585E-03
 -4.60863064302636E-15 -1.18980513942520E-03 -8.85991052042905E-04  3.25963598618029E-03 -4.04027441567965E-03
 -1.25272944893897E-14  1.18982161919269E-03 -8.86014862687768E-04 -3.24357968532051E-03  4.02736183928105E-03
  3.11857786053882E-14  1.18651634032102E-03 -8.85732177683081E-04 -3.24354464956624E-03  4.02754263264932E-03
  2.51979895534405E-14 -1.18649876398846E-03 -8.85707435758198E-04
* ORBITAL    1    3
 -1.96638318825861E-01  3.83053326114199E-01  1.09397286961738E-01 -2.71672356922517E-15  1.09344222500004E-13
  1.15856322902574E-06 -2.77114861542170E-06 -1.12371320418775E-01 -2.05826515764320E-02 -2.30260304697802E-14
 -1.56460478401167E-07  1.50838738787943E-02 -5.08105386653068E-14 -1.30550380334733E-03 -1.96640829092244E-01
  3.83073269818353E-01  1.09262056881016E-01 -2.57462769883731E-15  5.25404798173698E-14 -1.72757990073644E-06
 -3.82296997341260E-06  1.12402856864883E-01  2.05789905281562E-02  2.18926626273272E-14  3.87065851123272E-07
  1.50848679490940E-02 -3.37542057422600E-15 -1.30496366612484E-03  1.12438917455051E-01  1.46230460517544E-02
 -1.94630357744040E-14 -1.25490277212789E-02 -8.87648402780757E-03  1.12436335306079E-01  1.46159981703902E-02
  2.40546110691488E-15  1.25486633985780E-02 -8.87594737619361E-03  1.12392965161618E-01  1.46324856366609E-02
  4.33835257011281E-14 -1.25410382447306E-02  8.87169847443072E-03  1.12395444497155E-01  1.46277606514383E-02
  2.69472268617123E-14  1.25408110469359E-02  8.87134938617562E-03
* ORBITAL    1    4
  1.48239377788907E-01 -3.07205151067481E-01 -9.96151956257187E-02 -8.40818815843437E-15 -4.02952907302690E-14
  1.00507116560149E-05 -5.30464021960370E-07 -1.60812081662211E-01 -5.72821165878375E-02 -9.48631710206148E-15
 -2.00925032568027E-07  7.55997116299624E-03  3.25698535206781E-14  9.34600688436815E-03 -1.48291714865799E-01
  3.07319566689823E-01  9.95945038180489E-02 -6.82115045549906E-14  1.42039333273932E-13  1.29970500793413E-05
  3.02290387116371E-06 -1.60747964234053E-01 -5.72699985849503E-02 -5.85248823749174E-16 -8.97786653638208E-08
 -7.56004309601111E-03  1.02925890229319E-13 -9.34708037801125E-03 -1.97064626546450E-01 -4.59948212559445E-02
 -2.09057525749144E-14  1.54773437712702E-02  5.98247763203990E-03 -1.97077825398624E-01 -4.60053076960106E-02
 -3.61477480220791E-14 -1.54781369314658E-02  5.98335593682668E-03  1.97070882088871E-01  4.60071968491753E-02
  9.70038158791225E-14 -1.54746353733384E-02  5.98340772435847E-03  1.97052794707452E-01  4.59982640998946E-02
  2.99252612130622E-14  1.54738575786017E-02  5.98241335662965E-03
* ORBITAL    1    5
 -5.36477493485795E-06  1.09009955015107E-05  2.93692868491867E-06 -4.29987834080197E-14 -1.03716924662862E-13
  3.18387785930762E-01  1.11033837719190E-01  9.84774814842098E-06  3.81730086351906E-06  5.76776682743220E-14
  4.33265789755848E-03 -4.72647104329680E-07 -6.46317671447488E-14 -5.86848663559563E-07  5.22932346649893E-06
 -9.23991263776493E-06 -1.45286625480792E-05 -3.98307517423777E-14  1.21757557443897E-13  3.18313085516619E-01
  1.10992837782143E-01  1.47782236027922E-06  5.35561798024836E-06 -4.18484278668424E-14 -4.32619423247956E-03
  1.25043191216610E-07 -3.75208553408315E-14  4.25216543170083E-07  2.10018387195509E-01  6.30659965786836E-02
 -4.12605397862156E-14 -7.08325896102246E-03 -8.12568015304823E-03 -2.10000259604124E-01 -6.30613992686018E-02
 -2.55695504421632E-15 -7.08202289293489E-03  8.12522906949891E-03  2.09945044020461E-01  6.30563640050046E-02
  7.62508943000067E-15 -7.08097674699550E-03  8.12336079344651E-03 -2.09954318136457E-01 -6.30444185570774E-02
  3.40940253575767E-14 -7.08095979049269E-03 -8.12372483539395E-03
* ORBITAL    1    6
  2.12742116141977E-02 -4.08479844600138E-02  7.47662257972161E-03  5.44866630113672E-14  6.07196029224540E-15
  1.50078978217216E-05  6.20507376623276E-06  4.11163372987408E-01  1.36055278757677E-01 -6.93112576091179E-15
  2.29238108978597E-06 -1.47107841903745E-02 -2.85588063709793E-14 -1.19788921895758E-02  2.12580308803229E-02
 -4.08359238514245E-02  7.59868147630099E-03  3.03249146694237E-14  4.12667047272968E-14 -2.29325376823999E-05
  1.05362723335234E-05 -4.11178994418721E-01 -1.36053727602576E-01 -2.38381798976718E-14  1.10899371814420E-06
 -1.47124131772517E-02  9.66252506977870E-14 -1.19830522746867E-02  1.69576144964839E-01  6.46810091371173E-02
 -4.94041463040653E-14 -9.36321055398778E-03  2.68184018203347E-03  1.69548906839633E-01  6.46729893961808E-02
  1.71580454445779E-14  9.36321304056940E-03  2.68197459015223E-03  1.69567614434194E-01  6.46298213104154E-02
  5.02693581978801E-14 -9.36325894506377E-03 -2.68197184156264E-03  1.69608096099619E-01  6.46802415598266E-02
  4.98984494822810E-14  9.36530425443368E-03 -2.67933930818344E-03
* ORBITAL    1    7
 -2.70912322204060E-07 -8.30489512622361E-07  1.43154265690941E-05 -4.04208577916868E-13 -8.47472017770529E-14
 -3.01193384290187E-01 -1.13366512743569E-01  2.61456207198691E-05  1.43016662055600E-05  4.50910841715645E-14
 -2.88262066838796E-02 -8.30271146865741E-07  2.51677194459352E-14 -9.92602617150232E-07  1.09695275916970E-06
 -2.45036953670092E-06  6.52322037949915E-06 -1.97038309353308E-13  7.38204177596864E-14  3.01263474169060E-01
  1.13391890545108E-01 -2.42559018158976E-05 -9.42896344344251E-06 -1.17744962803030E-13 -2.88286411176122E-02
 -8.49919727406704E-07  2.90339797272664E-14 -8.27597519711620E-07 -2.61353790004954E-01 -1.29785995425458E-01
 -4.76250532123782E-14  5.94954671022860E-03  7.55763314648843E-03  2.61377179788659E-01  1.29778673282531E-01
 -7.99569472492046E-15  5.95015477509618E-03 -7.55742612368074E-03  2.61423514250472E-01  1.29803302873362E-01
  5.69736718001529E-14 -5.95105246355214E-03  7.55910787151960E-03 -2.61402987613514E-01 -1.29801382144405E-01
  3.99485123934485E-14 -5.95027025350418E-03 -7.55934043062498E-03
* ORBITAL    1    8
 -1.24995487159491E-14  6.10208998599253E-15  2.29440872394092E-13  4.05119704164334E-01  2.79954769304471E-01
  2.86106692724607E-12  2.33473201616717E-12 -2.89723331498664E-14  2.49401148640720E-13  4.41966724994405E-08
 -1.05114020511824E-13  1.69233306508017E-14 -2.40496171918137E-02 -7.22730737177124E-14  2.10148872500017E-14
  4.12205838410425E-15  1.88331090045377E-13  4.05119073246430E-01  2.80004312400604E-01 -2.68282516751057E-12
 -1.91612898639235E-12  2.92648688327193E-14 -1.23694508971269E-14  8.78428787002057E-08 -8.62679859444843E-14
 -3.81619189480061E-14  2.40543921883504E-02  3.05846759966004E-14 -1.05655956928068E-12 -4.11559687463208E-12
  1.03762994543218E-02 -1.37955344487049E-13 -1.63119000369208E-13  8.27993713355873E-13  3.81132994313428E-12
  1.03762785520465E-02 -3.30452184723867E-13  1.60063694822376E-13  7.93970478806022E-13  3.34364866931287E-12
  1.03721076849395E-02  2.75082753197002E-13 -1.73479079847662E-13 -8.84706885296433E-13 -3.57014777540430E-12
  1.03723003074678E-02  2.40422812257981E-13  1.48809190805320E-13
* ORBITAL    1    9
  2.61217779942859E-14 -7.68611033300080E-14  6.07308596379909E-13 -6.50544268113829E-01 -2.57297314422548E-01
  2.76639796453776E-12  2.26473359920015E-12  6.55989662235888E-14 -3.00968105404152E-13  5.53728135870361E-07
 -5.75337841063264E-13 -5.93298533214056E-14 -6.97545235814508E-04 -1.42437173305453E-14 -8.84043696926157E-15
 -8.83145929866815E-14 -2.83747352798027E-13  6.50498656104332E-01  2.57327648300535E-01 -2.37851541056207E-12
  5.01172880019050E-13  4.87908319008070E-14 -2.55782778832271E-13  1.80270664995582E-07  4.07930253861512E-13
  6.18705121247152E-14 -7.08123869453345E-04  6.47062308154160E-15 -1.49204164639674E-12 -3.20202066651406E-12
 -6.55597929773416E-03 -5.60502307226320E-13 -2.67161934439129E-13  1.41386625643469E-12  3.08662698601859E-12
 -6.55612965491007E-03 -4.21643757412824E-13  2.89203543890522E-13  2.72083381108831E-13  4.64435141485857E-13
  6.54898611252798E-03 -2.36704609180316E-14  4.38896745186400E-15 -9.67751567501270E-14 -7.32379258612497E-13
  6.54911628064494E-03 -8.91064566213197E-14 -5.91647433048762E-14
* ORBITAL    1   10
  1.71687631195725E-01 -7.32546746726637E-01  5.41690320161253E-02  1.85615128245239E-13 -2.38442401411599E-13
 -1.69111025013370E-05 -3.54949456764161E-05 -4.71635730610296E-01  2.14703616058934E-02 -1.50628441972243E-13
 -2.48814448606348E-06  2.12216858682560E-02  7.96837843507808E-14  2.58305717315724E-02  1.70935336762514E-01
 -7.29415050183276E-01  5.40718620338422E-02  9.59512798577098E-14 -6.76192111995616E-14  3.72591200818414E-05
  3.57240750910603E-05  4.71948588938675E-01 -2.11627713133684E-02  9.33510568420938E-14 -3.64760475927025E-06
  2.12102609650590E-02 -1.29698083812680E-13  2.57968681482267E-02  4.31480910301148E-01  9.76077185642635E-02
  2.84113144111539E-14  7.41312482339615E-03  1.08681536863964E-02  4.31463289217805E-01  9.75524625569431E-02
  1.83459059976545E-13 -7.41335033424196E-03  1.08700170784913E-02  4.30293380906949E-01  9.73866824245406E-02
  3.74009623394130E-14  7.40595394986343E-03 -1.08672519696193E-02  4.30337940236791E-01  9.74523094019584E-02
  2.88424426176967E-13 -7.40737941422379E-03 -1.08668905784155E-02
* ORBITAL    1   11
  5.05577724298334E-07  2.11332135136280E-07 -1.14437982608640E-05  1.08166301614723E-12  2.62279258036597E-13
  6.62407308961589E-01  2.21392038418992E-02 -5.98330605693818E-06 -5.86109423903868E-06 -2.23529580062282E-13
  4.36029378219939E-02 -9.11480135805492E-07  2.18324549451052E-13  1.14353839414182E-06 -6.66511821478363E-06
  2.66237915818231E-05  4.62864755463121E-06 -1.12599427438565E-12 -4.95838837540017E-13  6.62414776747833E-01
  2.21748681589514E-02 -1.81822683441228E-05 -4.90606203476714E-06 -2.56747011358930E-13 -4.36045001844129E-02
 -4.79685451878827E-07 -1.44857857577741E-13 -1.61512362508781E-06 -4.28406620688182E-01 -1.37838393620327E-01
 -7.68841773703267E-15 -2.04710224947839E-02 -8.89523128574027E-03  4.28411845273468E-01  1.37855519575825E-01
  2.82899724907775E-13 -2.04692913839501E-02  8.89504583080805E-03 -4.28432093123154E-01 -1.37881387277128E-01
 -1.49990296480957E-13 -2.04729701068704E-02  8.89950050935795E-03  4.28395589679573E-01  1.37863328476309E-01
  2.08060538786413E-13 -2.04733690767176E-02 -8.89990203985155E-03
* ORBITAL    1   12
 -2.66526583248047E-01  1.11623429179725E+00 -7.73613020080137E-02  9.98732887650704E-14  1.39100879938123E-13
  2.98130519515583E-06  9.75554049670526E-06 -1.48466682214479E-01 -9.83473452485300E-02  2.18267352578291E-13
  1.41547699941324E-06 -1.32280149271446E-03 -5.86633757944167E-14 -1.17505929821482E-02  2.67019941079355E-01
 -1.11838234995296E+00  7.76506163902013E-02 -2.17252867379239E-13  4.10389388518175E-14  1.38951001397937E-05
  1.56014816609783E-05 -1.47098356844487E-01 -9.84446160381202E-02  1.64404613869230E-13 -2.47138145562619E-06
  1.39693231393827E-03 -1.20573096847150E-13  1.18353295524676E-02 -3.96859824176044E-01 -4.87974787618310E-02
 -1.17652771122351E-14  1.37459223406116E-03  1.29846328432700E-03 -3.96848550576393E-01 -4.87794936949830E-02
 -2.27582914106265E-13 -1.37403410543557E-03  1.29669010184422E-03  3.98080598209848E-01  4.89961930317489E-02
  7.79105494002651E-15 -1.36630072710088E-03  1.27998478000975E-03  3.98099767342960E-01  4.90363759609356E-02
  1.58122989410453E-13  1.36710944942253E-03  1.28164373769140E-03
* ORBITAL    1   13
 -6.96583194852894E-06  3.21517153162939E-05 -1.00383957953769E-05 -5.15176215545130E-13  1.14996254905508E-13
 -7.64491828870965E-01 -4.06807451030993E-02 -1.33910058232989E-05 -1.40450400107938E-05  1.33006868559301E-13
 -6.88609767999310E-02 -7.14723040204497E-08 -3.11571146979968E-13  1.19829570582008E-06 -7.51755348151888E-06
  3.51564356370620E-05 -3.51997179475885E-05  3.74584442308440E-12  2.89144026687569E-12  7.64465488750561E-01
  4.07185975991915E-02 -5.15393033275101E-05  8.59384494149742E-07 -1.54686705064394E-13 -6.88576651231366E-02
 -1.25299069434510E-06 -3.97146154152231E-14 -2.67392620621116E-06  3.85671410986559E-01  1.82679405758756E-01
  3.37238975884845E-15  2.26796112259730E-02  8.87941952214895E-03 -3.85684595719624E-01 -1.82659731836852E-01
 -1.24457024535003E-13  2.26802147324355E-02 -8.87950231334696E-03 -3.85703858803391E-01 -1.82683059040910E-01
  4.66544306035432E-14 -2.26834872983439E-02  8.88118487115891E-03  3.85644630616459E-01  1.82692990209376E-01
  3.54728939862468E-13 -2.26805194251170E-02 -8.88021607394613E-03
* ORBITAL    1   14
  5.04399507478632E-02 -2.12164248383853E-01 -1.84651122993800E-01  8.48379079742915E-14 -1.48163108164291E-14
 -1.62908796027467E-05 -1.74570618914269E-06  9.42273024699494E-01  1.56349213411602E-01  4.75703818175227E-15
 -1.43029918471410E-06 -6.21809217247264E-03 -1.96816301153223E-13 -4.27933525092869E-02 -5.04206535909000E-02
  2.12084372681351E-01  1.84598681658200E-01 -2.64559967732969E-13  2.00438439479051E-13  3.81477133760577E-05
  2.58646094073975E-06  9.42297523920019E-01  1.56419464700634E-01 -1.62076994729022E-13 -4.48587775956039E-06
  6.21521557159771E-03 -1.58167496405065E-13  4.27841428107531E-02 -2.33955956456563E-01 -7.70741676763806E-02
 -6.66051695137313E-14 -1.34099558408697E-02 -7.33408963189530E-03 -2.33975746324789E-01 -7.70732006682764E-02
 -1.13917725239213E-13  1.34114977739733E-02 -7.33483543427638E-03  2.33993601593449E-01  7.71053087705990E-02
  1.30337736754376E-14  1.34163279662107E-02 -7.34857260890177E-03  2.34039317749867E-01  7.71179406967561E-02
  9.51108726886651E-14 -1.34190566537890E-02 -7.34925869469458E-03
* ORBITAL    1   15
 -1.68751209602785E-03  1.01587628763620E-01 -1.82098340403359E+00 -2.34329035747134E-13  2.92033817731423E-13
  3.12303416879503E-04 -3.00207395924140E-03  2.59087430662218E-01 -9.23052668860457E-01  4.39912708171476E-14
 -5.15544893574932E-05 -1.71253573721861E-02 -2.59415478405211E-14  5.37158982661095E-02 -1.69344581823407E-03
  1.01695941696234E-01 -1.82219150576556E+00 -5.69024548725751E-14  7.93369466952831E-14 -3.44637339050295E-04
  3.18461012264674E-03 -2.59099073051408E-01  9.22683884576938E-01 -5.49444994327074E-15 -7.44170716381566E-05
 -1.71310215675923E-02  2.68684732123557E-14  5.37299138411564E-02 -2.76938883850411E-01  1.27109852306158E+00
 -1.11845681064406E-14 -6.20743630671667E-02 -3.38504536337552E-02 -2.76620005436859E-01  1.26607865052373E+00
 -6.62462817971430E-14  6.19261493430413E-02 -3.36837232703794E-02 -2.76561180356631E-01  1.26598325410440E+00
 -1.33750196412257E-14 -6.19246983139179E-02  3.36759690554485E-02 -2.77073752399143E-01  1.27165974407876E+00
 -7.85635982453528E-14  6.20978154327811E-02  3.38714454360915E-02
* ORBITAL    1   16
 -1.15077221608100E-03  1.32207645818970E-02 -1.01669498914460E-01  1.62690974966973E-15  2.96486536473270E-14
  8.78271112812618E-02 -6.21145363098474E-01  6.28339580195094E-04  7.27684873382782E-03 -5.49499947092486E-14
 -9.21510847283413E-02 -1.15759502260607E-04  2.05029023712521E-14  1.90746773923323E-03  1.15933946066425E-03
 -1.32658297257407E-02  1.01348978392724E-01  1.38247654625827E-13 -3.18340787723297E-14  8.75785864116445E-02
 -6.18964883817740E-01  5.51043494577871E-04  7.50425771449196E-03 -6.13125030924121E-14  9.21138308519292E-02
  1.08541031269641E-04 -5.32715035203228E-14 -1.89316368228918E-03 -4.35440405238418E-01  1.30068340980849E+00
 -3.25075254596812E-14 -4.66374449737398E-02 -5.63289045911284E-02  4.13454330246629E-01 -1.21507848852624E+00
  5.77664430884544E-14 -4.28212032646926E-02  5.49586042933019E-02 -4.13339837747069E-01  1.21339518031397E+00
 -1.84750456992051E-14 -4.27830863177203E-02  5.49061015478239E-02  4.35184695551601E-01 -1.29846984062026E+00
  9.37106206025470E-14 -4.65737618590536E-02 -5.62611224406946E-02
* ORBITAL    1   17
 -3.95494625039749E-02  4.54349384582704E-01 -3.51241495310794E+00 -3.63224789381901E-14 -8.96481218307185E-14
 -2.49899163453681E-03  1.80523650308286E-02  1.85857552412780E-02  2.72217847652877E-01  1.57588592824345E-14
  2.66889510598850E-03 -4.10425420267752E-03 -4.22619431816713E-15  6.55975058240540E-02  3.95597429519859E-02
 -4.54430170249609E-01  3.51244302686582E+00 -3.22455412543874E-13  3.84469569645798E-13 -2.41129003969000E-03
  1.72457289721355E-02  1.85736011582505E-02  2.72222034280845E-01 -1.83961257252565E-14 -2.65311468596333E-03
  4.10653184954537E-03 -3.32098826176491E-14 -6.55866163330246E-02 -3.67618460750931E-01  1.43159942253304E+00
 -9.79881858151345E-15 -6.40428815408912E-02 -2.18854436402847E-02 -3.92385356927543E-01  1.50468767042373E+00
 -5.59414329624657E-14  6.66206171212833E-02 -2.51171703981686E-02  3.92212038313064E-01 -1.50387270517876E+00
 -2.36180811266358E-14  6.65942786176805E-02 -2.50884990998240E-02  3.67563227656380E-01 -1.43219965464976E+00
  5.05662348938253E-14 -6.40574973538289E-02 -2.19037131979392E-02
* ORBITAL    1   18
 -4.62090498508340E-05  2.82744373706183E-04  1.06577282051142E-03  5.40845467217473E-13 -2.75402134662922E-13
  2.42192642104969E-01 -2.24747590189130E+00 -3.71545541631145E-04  1.27095066674645E-03 -2.75090286897878E-14
 -4.77439598367616E-02  3.10370652868550E-05 -7.22754397560170E-14 -6.20915987129833E-05 -3.51802843118246E-05
  1.43586542241794E-04  2.35390250398293E-03  1.22653627522857E-12  9.44978952253240E-13 -2.42229511261638E-01
  2.24794889566268E+00  3.71482813922842E-04 -1.04022205153514E-03  4.30759995038489E-14 -4.78419043126472E-02
  3.35267133471040E-05  7.69325722329858E-14 -8.30549933289757E-05 -1.77926243647631E-01  1.99484989913241E+00
 -2.17212465587428E-14 -5.91524014323768E-02 -6.63973246728717E-02  1.78609139014072E-01 -1.99725338039469E+00
  3.57630860397627E-14 -5.92704306151810E-02  6.64843267023959E-02  1.79185402190924E-01 -1.99885082890896E+00
  5.09743301009890E-14  5.93372883926866E-02 -6.65496233849394E-02 -1.78249259241328E-01  1.99555162526913E+00
 -5.89424088743898E-14  5.91807714270871E-02  6.64477833637086E-02
* ORBITAL    1   19
 -1.03356564686180E-01  8.49517400965684E-01 -1.14137055357015E+00 -1.26005114327678E-13  3.52983764705429E-14
 -5.03055832484803E-05  3.99497169398394E-04 -2.89360875883991E-01  5.66036960321828E-01 -3.83820707585718E-14
  7.83199770112025E-06  4.56863246744866E-02 -5.55719594965464E-15  2.52886207401009E-02 -1.03364579929913E-01
  8.49611001133712E-01 -1.14158799319896E+00 -7.06271415409133E-14  1.31135477473854E-13  3.61677714699812E-05
 -3.72311258401234E-04  2.89369719724099E-01 -5.65842405343312E-01  4.23704022118846E-14  1.13410650810802E-05
  4.56993206394567E-02  2.80380100418889E-15  2.52834018911135E-02 -2.34453022231981E-01  5.73162808085604E-01
 -4.30017375216094E-14 -3.29750320121927E-02  2.03575247042584E-02 -2.34516078778471E-01  5.73891205025028E-01
  1.29694205622964E-14  3.29973956997146E-02  2.03352707655972E-02 -2.34517068081870E-01  5.74064586821640E-01
  2.85428714867775E-14 -3.29955068233127E-02 -2.03282206916994E-02 -2.34389851418900E-01  5.73289541862622E-01
 -6.22022280969643E-14  3.29749139308732E-02 -2.03538273219480E-02
* ORBITAL    1   20
 -1.02198980161466E-01  8.42776478384243E-01 -2.16648661018230E+00 -4.71382688447294E-14  1.08805081501204E-13
 -5.21987936481082E-05  4.06504545140201E-04  1.24040649176911E-01 -7.76929126534079E-01 -1.61360425182521E-14
  9.08962310117943E-06  4.71547181891786E-03 -1.28567111391738E-14 -5.51573747924546E-02 -1.02186449072359E-01
  8.42719733396650E-01 -2.16672763519477E+00  3.82093831101208E-14 -4.89314857568130E-14  3.94560433353772E-05
 -3.75594537726240E-04 -1.24026146538717E-01  7.76482499462431E-01  1.66317242841547E-14  1.19543805911084E-05
  4.71959335533794E-03  7.69178528799489E-15 -5.51856277442074E-02  4.01810262459872E-01  6.25742149596264E-01
 -3.25000450491974E-14 -2.09562289122819E-03 -1.48684856390687E-02  4.01720884936060E-01  6.26528924592284E-01
  1.73669838640782E-14  2.11919750057763E-03 -1.48923327821485E-02  4.01759500635424E-01  6.26277173563779E-01
  2.41821288061322E-14 -2.10002670750723E-03  1.48871931322740E-02  4.01897447385138E-01  6.25478999682847E-01
 -3.22849812236114E-14  2.07861242228958E-03  1.48605502931099E-02
* ORBITAL    1   21
  1.67528609655635E-02 -1.04458052195330E-01 -4.08007349562267E+00  1.28700286131945E-14  4.05101819625431E-13
 -2.32540291460856E-04  7.58386600873934E-04 -3.49851192483762E-01  3.90201772241568E+00 -5.39379471637820E-14
 -7.62147414092638E-06 -5.82402214505652E-02 -2.04097496556299E-14  5.39931179545842E-03 -1.67533204793906E-02
  1.04468197697436E-01  4.07986320890324E+00  7.90964359102380E-13 -1.15829323116685E-12 -2.24928951702415E-04
  6.89200211163729E-04 -3.49903550347625E-01  3.90218968243125E+00 -2.06388566475262E-14  1.00431212417116E-05
  5.82392995594519E-02  4.36988718672176E-14 -5.40161892144760E-03 -1.21166656410982E-01 -7.61501466735527E-01
 -1.30865825008406E-14  3.41751675637670E-02  3.40711014403417E-04 -1.20704726599832E-01 -7.60729569744884E-01
  4.60339323519886E-14 -3.41025395512009E-02  3.47262989097746E-04  1.20742020327441E-01  7.60875037357909E-01
 -1.35034536429488E-15 -3.41074779583207E-02  3.59711683766487E-04  1.21222471719312E-01  7.61512566995297E-01
  1.32027827732925E-14  3.41758415186304E-02  3.48435836335488E-04
* ORBITAL    1   22
  1.94793002754738E-14  2.04329291284790E-13 -3.95646343941655E-12  5.70662248153854E-01 -1.30528378709446E+00
  2.13516012770756E-11 -6.86876606766043E-11 -2.88337874488190E-13  2.84630128258258E-12  5.91898690021834E-07
  1.10941509356643E-13 -5.92619118118785E-14  1.40771906490564E-02 -2.21982315061459E-14 -3.48922605561222E-14
  6.66294140570500E-15  3.35944969230730E-12 -5.61483223222222E-01  1.29698316848199E+00  2.08504957949918E-11
 -7.01319545196918E-11 -4.22592525190579E-13  3.16525169307518E-12 -6.64928887898077E-08 -6.57687081087832E-14
  5.82824847255297E-14  1.48933318140630E-02  3.26498457378877E-14  1.40022315770101E-11  4.51412763323632E-11
  1.74350789584630E-02 -3.48718469049209E-12  1.12919056766860E-13 -1.37442143585492E-11 -4.61262456327065E-11
  1.74329582878938E-02 -3.59215945787847E-12 -1.38662130507738E-13  1.38563941385944E-11  4.77969738275187E-11
 -1.72358110691959E-02 -3.60564700947061E-12 -1.23727272727288E-13 -1.42529070689646E-11 -4.62438855191777E-11
 -1.72387142998796E-02 -3.46297318402449E-12  1.41208236665094E-13
* ORBITAL    1   23
 -8.36657799356787E-14  5.55750754927281E-13  8.39556995050671E-13  6.87720182474438E-01 -6.15267575825404E-01
 -9.79857407274115E-13  2.31962026378851E-12  3.79979402679255E-13 -2.47298555310689E-12 -4.28094145995529E-08
  2.59764146044606E-14  4.63239365320716E-14 -6.19099754551274E-02  5.62809171706950E-14  3.32121532671127E-14
  4.31554215000226E-14 -2.18396077737651E-12  6.95279198030534E-01 -6.32548381817211E-01 -3.60390530622143E-13
  2.06447798030669E-12  2.04922034300806E-13 -2.08821799772920E-12 -8.20962380920689E-09  1.73051673554315E-14
 -4.55652227036017E-14  6.17171481270228E-02  9.31175778147850E-15 -4.31696365042077E-13 -6.40063739678144E-13
  1.46591562184809E-02  8.14625376263746E-14  3.08768552380622E-14 -3.77184960020602E-14  3.03587566292623E-12
  1.46588298506742E-02  2.56381164599981E-13 -7.26794145785104E-14 -6.56424439213478E-13 -1.55120136576463E-12
  1.48931165946846E-02  8.05631290207811E-14  5.02897794550274E-14  5.66462335617142E-13  7.14623603028959E-13
  1.48935752688648E-02  4.17210057223842E-14 -5.20902256754798E-14
* ORBITAL    1   24
  2.24777829898404E-05 -2.64730350436757E-04  4.17800564515333E-03  2.78968893767068E-11 -6.35005885270221E-11
 -4.25298518216861E-01  1.40008582664986E+00  2.09841894133297E-04 -2.84429036336380E-03  5.57268298433058E-14
 -1.50411538961523E-04  4.40160982399131E-05  7.68260690199496E-13  1.47220917611739E-05 -1.50749177558877E-05
  1.97354421291727E-04 -4.01176485875253E-03 -2.96896341416349E-11  6.49771165777435E-11 -4.25332850741815E-01
  1.40025155088666E+00  2.13821148654120E-04 -2.87074770368577E-03  6.50602332616239E-14  1.46947225592318E-04
 -4.44974858143047E-05  6.97160086660333E-13 -1.63056705144937E-05 -2.83550428679905E-01 -9.33433344996187E-01
  8.95258428903548E-13  7.23105760324717E-02 -2.64777938251612E-03  2.83272563711520E-01  9.34362402845182E-01
  8.02010061496439E-13  7.23631701982597E-02  2.65395685039341E-03 -2.83232125769215E-01 -9.34617530088948E-01
 -8.82797772350344E-13  7.23746792365608E-02  2.64250521080095E-03  2.83508752571751E-01  9.33540013791512E-01
 -9.92625850138161E-13  7.23180004937418E-02 -2.63272938317218E-03
* ORBITAL    1   25
 -1.09678168874306E-01  1.17908736742110E+00 -7.60317282383899E+00 -1.48136347657509E-13  2.79515853804331E-13
 -1.48809989808418E-04  4.96709319380550E-04  2.38043646444530E-03  2.07426688997733E+00  1.17855069773447E-14
  8.53226309334451E-07 -3.27714117079044E-02 -6.80309357143039E-15 -3.42990134614613E-02  1.09662024922857E-01
 -1.17897436839820E+00  7.60286703161191E+00  1.56231246195200E-13 -2.53112831989240E-13 -1.46525918093977E-04
  4.81611442345463E-04  2.37954514793679E-03  2.07433349186125E+00  1.78914140947422E-14 -1.30876575919497E-06
  3.27818711748927E-02 -7.00729308247802E-15  3.43208611959422E-02  3.78771940810630E-01  7.42322789116474E-01
 -1.92677776759206E-14  7.19868531222338E-03 -3.47903368782911E-02  3.78900393141217E-01  7.43082812630847E-01
  9.11428021286417E-15 -7.14605251893718E-03 -3.47864165390371E-02 -3.78902256141932E-01 -7.42932132872500E-01
 -3.14507586083881E-14 -7.15782597325321E-03 -3.47753212059832E-02 -3.78779291438158E-01 -7.42183547363213E-01
  2.96287830193532E-14  7.21056396372127E-03 -3.47795219415149E-02
* ORBITAL    1   26
  3.31276708166066E-06 -3.18062017622484E-05  9.38845010114638E-05 -7.12092543477707E-14 -5.86737496841872E-15
  2.51088990941067E-01 -3.33877256878086E+00 -7.36357841708437E-06  2.82443591596263E-05  1.48946592719099E-14
  1.00086138063946E-01 -2.80559966002930E-07  1.30474459544621E-13  3.83572372210853E-06  4.46106202401217E-06
 -4.07220633700451E-05  1.28075634372861E-04 -2.80789167059811E-13 -4.18372518361304E-14 -2.51099340363903E-01
  3.33878238370659E+00  6.44822023633996E-06 -2.77301161977816E-05 -2.46461322666721E-14  1.00102388855055E-01
  2.83418109683771E-07 -1.42834503934815E-13  4.02566159259891E-06  7.57822194104076E-01  1.04551031965048E+00
  5.78404417591277E-14 -5.91851070952777E-02  9.57066555033766E-02 -7.57808733401051E-01 -1.04561610468000E+00
  1.25309802251343E-14 -5.91802335305200E-02 -9.56990584395398E-02 -7.57802459468859E-01 -1.04563712418288E+00
 -1.73089850868228E-15  5.91859006157110E-02  9.57026542026574E-02  7.57816605382540E-01  1.04550971521299E+00
  8.02637479699486E-14  5.91924635767173E-02 -9.57114525207340E-02
* ORBITAL    1   27
  1.09350990514992E-13 -4.40500001459657E-13 -4.62664927526749E-13 -1.27248644011324E-06  1.86664495416359E-06
  3.33437229586081E-13 -4.04200919600481E-13  3.89794031707166E-14  6.39346223491989E-13  3.28382311080425E-01
 -1.62658792042124E-13 -4.72131255461316E-14  1.17777451423157E-06 -6.64515748659265E-14 -4.18657363256790E-14
  1.57135409706118E-13  9.18323043891507E-13  1.64015676462859E-06 -2.51582008472205E-06  4.89221772499112E-13
 -4.77179414109990E-13  2.18824890303474E-13  3.83731598084363E-13  3.28411879008815E-01  1.84251357229155E-13
  2.56303354579416E-14 -4.94836040453054E-07 -1.04765103748011E-14  4.10467509479653E-14  1.43095452153859E-13
  3.52479753402194E-01  4.20780481381778E-15 -6.98149216787923E-14  2.57139133741568E-13 -3.76511565937440E-13
 -3.52476006067336E-01 -7.25338775730315E-14 -1.00828081291728E-15 -1.31859915802710E-13  2.68924066304440E-13
  3.52479431106677E-01 -1.68126781400514E-14  4.20276997316758E-14  1.92469044066158E-13 -4.54864824552022E-13
 -3.52480480800797E-01 -8.96945030884596E-14 -1.01137163143641E-13
* ORBITAL    1   28
 -3.54814615710586E-14  2.20893342117521E-14  1.49406396261603E-13 -4.87364543447421E-07  1.43879513745841E-06
 -2.08168745669765E-13  2.38905493840659E-13  1.96805513584623E-13 -2.92114907982604E-13 -2.58821285606338E-01
  3.61292237470898E-14  1.19336558242525E-13 -4.02555969490783E-06 -6.95031513762481E-14  6.92916334989516E-14
 -4.46037734050912E-13  4.89916123328276E-13 -1.23582861891337E-07  9.85056798913137E-07  2.97903522487870E-13
 -2.96570959554350E-13 -1.15772623628270E-14 -1.06128520076317E-13  2.58830202454472E-01  6.34401672818937E-14
  9.34700914917919E-14  3.89115680462339E-06 -1.49265491095268E-13 -6.80005097458310E-14 -1.16888316410411E-13
 -4.00095840948695E-01 -5.52777496770121E-14  1.12224059044981E-13 -2.65906737282406E-13  2.13737242295585E-13
  4.00088526761635E-01  6.50170932187244E-14 -6.55800942729469E-14 -9.35760072730517E-14 -2.88810832632287E-14
  4.00065594585016E-01  1.11039513036176E-14  7.47427221195652E-14  1.16576090562270E-13 -4.65256262334008E-13
 -4.00071974825457E-01 -4.71927716620401E-14 -1.16761548128309E-13
* ORBITAL    1   29
 -6.96084089040827E-14  2.52643228744973E-13 -3.27874457515388E-13  7.13411801774590E-02 -1.30035319872434E-01
 -3.98573983148303E-13  1.47934231522882E-12  2.39048302117573E-13 -3.01943208743344E-13 -3.86935863781605E-06
  1.76954607445993E-13  3.51054832133241E-14  4.19618580618759E-01  8.06597416939512E-14 -1.08821765098344E-13
  2.61021713346946E-13 -4.86779743058790E-13  7.13390242543374E-02 -1.30056503613794E-01 -1.08988207104381E-13
 -9.02448481217140E-13 -1.52288090963855E-13  9.28787263395570E-14  1.96731735847647E-06 -8.78690200659052E-14
 -7.97506368993649E-16 -4.19663967146774E-01  6.93911960222290E-14 -3.38430963906092E-13 -2.66080812261316E-13
  3.06242161319928E-01 -1.50135503193626E-13  1.16125748713281E-13  1.11221216909705E-13  6.73825144036743E-13
  3.06251147665110E-01 -1.17609660042265E-14 -7.05086723364517E-14  2.86671816580285E-13  2.72185663436500E-13
  3.06249854346505E-01  6.42974768211996E-14  2.75878580416277E-14 -4.76487111435347E-13  4.85439360343805E-14
  3.06243144788575E-01  1.66811341585431E-13 -1.57485014389520E-14
* ORBITAL    1   30
  1.22411402049727E-06 -1.28567441181813E-05 -5.07463885301196E-06 -1.80525592008278E-14  2.36291102673121E-14
  1.52769601758094E-01 -1.92226631872592E+00  5.00891695092184E-06 -1.81688895156913E-05 -1.59694459429780E-14
 -7.00308991444121E-02  5.85831225512760E-06  3.54546662661296E-14  1.31186207533221E-05  1.57125030694831E-06
 -1.52331747280007E-05  2.01892106634439E-05 -2.52368290094032E-13 -2.77909254747347E-13 -1.52713404593653E-01
  1.92210896398764E+00 -5.61013208402865E-06  3.04212418694786E-05  3.71989995760271E-14 -6.99870670033884E-02
  6.93765512252336E-06 -1.00398419006340E-13  1.40942793602620E-05  4.23011486791375E-01  6.17666059471465E-01
  1.18311968630536E-14  3.30411286167060E-01 -3.68211650802153E-01 -4.22989364675532E-01 -6.17680605879825E-01
  1.19058508076854E-13  3.30422530143973E-01  3.68242713748391E-01 -4.22939438113761E-01 -6.17622772700277E-01
  2.89234669259258E-13 -3.30322810074538E-01 -3.68165440801889E-01  4.22963822387823E-01  6.17603615179343E-01
  1.73815560428194E-13 -3.30308636776831E-01  3.68129321257682E-01
* ORBITAL    1   31
 -5.76780102286380E-07 -5.71883268405858E-06  8.47462808772016E-05  1.06643724069457E-13  2.30482337698521E-13
  2.07945468554540E-01 -5.92443863992719E-01  1.40821110377306E-05 -1.42766674099147E-04 -3.00706495619323E-14
 -2.30316461354147E-01  2.05628024002292E-05 -7.63938747150380E-14  4.37633146588193E-05  3.09199925832907E-08
  3.10721028982488E-06 -2.09631243918389E-04 -1.17336590832152E-13 -2.91010036363628E-13  2.07995325050122E-01
 -5.93054433447192E-01 -3.17378882528712E-05  1.83222566470524E-05 -3.35365616059945E-14  2.30352415003398E-01
  1.29623453391492E-05 -1.75010210568792E-13  2.20878616038908E-05  2.15946487373078E-01  2.03702840852255E-01
 -2.29557518567164E-13  3.74087507181681E-01 -2.67175843347771E-01 -2.15887211579328E-01 -2.03702645331248E-01
 -9.38671538117932E-14  3.74118981479468E-01  2.67294789435851E-01  2.16065540264602E-01  2.03949118878777E-01
  1.89697829315154E-13  3.74182566516375E-01  2.67306682856286E-01 -2.16038861063386E-01 -2.03863971178528E-01
  3.39536044796018E-13  3.74181924979866E-01 -2.67351277369888E-01
* ORBITAL    1   32
  4.79974445403060E-04 -4.19644523689475E-02 -5.72570723778748E-01  1.37299948991955E-14  5.44785121195561E-14
 -3.61807508263731E-05  1.93143914152604E-04  2.18906835954223E-01 -7.86440522496343E-01 -1.24594830560892E-16
  2.48335961277418E-05  1.72926595662634E-01 -5.59711781501121E-14  3.09773715721732E-01  4.76206380864470E-04
 -4.19283932748943E-02 -5.72528700473656E-01 -3.82448064459924E-14  9.50413037916956E-15 -1.03481164978875E-05
 -6.48883695965643E-05 -2.18909373800347E-01  7.86536557301751E-01  6.01096494009784E-14 -2.16599354636629E-05
  1.72947489750280E-01  4.98951340231188E-14  3.09822867400792E-01  2.11537939537552E-01  1.93932006312110E-01
 -5.21469987186876E-15 -8.29933540241980E-02  3.96298681029791E-01  2.11626873716114E-01  1.94080782558356E-01
 -8.00744305538777E-14  8.28857960661134E-02  3.96216939405186E-01  2.11613915019829E-01  1.94041352761729E-01
 -2.51113562030433E-14 -8.29668792765950E-02 -3.96296121419375E-01  2.11612432507676E-01  1.93987398120917E-01
 -1.30774901202786E-15  8.29184820563458E-02 -3.96269121234179E-01
* ORBITAL    1   33
 -1.72590405476593E-13  6.35685114356519E-13  2.53094547990404E-12 -1.25893700647646E-01 -5.31936841627724E-01
 -8.85675081719996E-14 -6.23211458492600E-13  3.32742266095842E-14 -2.37235488842505E-12 -2.42276391849700E-06
 -1.35037049898021E-13  1.55134912865983E-13  1.56035158776645E-01  3.47147240282365E-13  8.68168217923086E-14
 -6.32818949814000E-13 -2.51090635722037E-12  1.25887660361693E-01  5.31923068180951E-01  2.04086649419210E-13
 -4.98973958682747E-14  4.62170063056513E-14 -2.38350059542859E-12 -2.93784201172075E-06  1.39838526342959E-13
 -1.69920946735409E-13  1.56047334553850E-01 -3.27832580717756E-13  3.88852056421765E-13  5.06173635118003E-13
  5.40706107619883E-01  9.16488122389467E-14  4.55247710826024E-13 -1.99293761337347E-13 -5.84677603621944E-14
  5.40706017981177E-01  3.85454217138814E-13  7.18081966152127E-13  1.87728196304770E-14 -1.52827290244947E-13
 -5.40681214637720E-01  2.19899874748644E-13  6.34791260833653E-13 -4.62790881177828E-14 -3.01170034156411E-13
 -5.40682720887057E-01 -1.37862451323624E-13  4.72073208778987E-13
* ORBITAL    1   34
  5.99388449991720E-02 -4.02014380506457E-01 -2.08656277105693E+00 -1.53240753405730E-13 -6.46449345328224E-13
  1.74821114998531E-05 -2.91664944958067E-05  5.62700844735136E-02  1.76028512334741E+00  9.97709808299034E-14
 -1.16240299723409E-05 -1.10633725438974E-01  1.70099030443011E-13 -2.45376679307241E-01 -5.99481995898145E-02
  4.02109928252235E-01  2.08656436687231E+00  1.30171430694921E-13  5.92391567377245E-13  1.89360598763318E-05
 -4.24262948606561E-05  5.62951450837045E-02  1.76016375362942E+00  9.21374080090645E-14  1.19746710748111E-05
  1.10571592061933E-01  1.50317783587596E-13  2.45425830801708E-01 -1.37274982624856E-01 -9.20625212071300E-02
  5.59205861196623E-13  7.33272738226924E-02 -4.86971538142866E-01 -1.37285852235019E-01 -9.20970049101030E-02
  8.20277915283887E-13 -7.32950990090382E-02 -4.86966679448437E-01  1.37284234156117E-01  9.20800134928753E-02
 -7.33527564152137E-13 -7.32404575513674E-02 -4.86913459949650E-01  1.37267149561761E-01  9.20383870461723E-02
 -5.82352835363814E-13  7.32759638404650E-02 -4.86921766837928E-01
* ORBITAL    1   35
 -1.04432543529895E-06  7.98710850298361E-06  1.46309131065138E-05  2.18851289494759E-13 -2.81305680379318E-14
  1.30789165094443E-01  1.16187038180937E-01  1.47281749070768E-06 -2.60827567804050E-05 -6.58904686981710E-15
 -4.25905273669121E-01  3.09660785227519E-06  1.81899789008459E-14  1.75582512618878E-06  1.60761425385959E-06
 -1.30974457822686E-05 -1.01476291513548E-05 -2.50670075257180E-13 -2.83717364127879E-14  1.30802903689854E-01
  1.16199149085569E-01  1.76090803143854E-06 -2.45782429853887E-05 -8.54823763700755E-15  4.25944374390650E-01
 -5.86799618503238E-07 -1.35053261683366E-14 -4.52593667605145E-06  8.98969167606854E-02 -2.16274198433698E-01
 -2.28096734667761E-14  8.38291778004292E-03  4.08068629391990E-01 -8.98952136938907E-02  2.16287350285782E-01
  1.04240598790374E-13  8.38362750557620E-03 -4.08054676591143E-01  8.99039729794126E-02 -2.16302281347126E-01
  6.21594173831318E-15  8.37062261202619E-03 -4.08080454965183E-01 -8.99058131949589E-02  2.16286822874947E-01
  1.55769179917634E-13  8.37344818370328E-03  4.08093178862229E-01
* ORBITAL    1   36
 -6.61001068314638E-02  6.00349752755965E-01 -2.84434606746773E-01 -1.75893638088638E-14  1.66812576096487E-14
 -1.29738935373152E-08 -5.79587439053416E-06 -3.49468337072069E-02  2.88505713720616E-01  3.65828909799916E-16
 -1.09393168047346E-06 -3.59065628556748E-01  3.71599013268533E-14  4.40333814460933E-01 -6.60875560393699E-02
  6.00301389115018E-01 -2.85129370138089E-01  1.20515731371365E-14 -1.24567796738931E-15 -2.80428886165463E-06
  1.39757369132942E-05  3.48781051760233E-02 -2.88985798395985E-01 -1.79587684777637E-14  1.20400042614594E-06
 -3.59135301394722E-01 -5.23252374789188E-14  4.40333089943732E-01  5.14017324113686E-02 -1.96647789852376E-02
 -1.80743776740541E-13  2.70565878120255E-01 -7.47869027039560E-02  5.13987805976379E-02 -1.96671597574745E-02
  6.03083283767984E-14 -2.70566385701818E-01 -7.47902251056466E-02  5.13844237014855E-02 -1.97021020506479E-02
  9.42142175027661E-14  2.70624079201917E-01  7.48718202932404E-02  5.13866808589113E-02 -1.96864715746504E-02
 -1.54663975767484E-13 -2.70628425644792E-01  7.48760671813385E-02
* ORBITAL    1   37
 -2.65776955715560E-14  1.38378615239817E-13 -1.89316892344871E-13 -2.11453533528461E-01 -1.30993710700924E-01
  1.19943815923647E-13  4.21651003993826E-14 -8.03047963044984E-15  5.79282300630479E-14 -5.56037746700837E-07
 -2.98151527671214E-14 -5.52114799428373E-14 -4.92226253067193E-01  7.20492999599447E-14 -9.40949354599088E-16
 -1.44834581449778E-15  5.80545699135786E-14 -2.11444463233038E-01 -1.31002960376867E-01 -1.01991951595104E-13
 -7.58734040866323E-14  2.55952910644791E-14  2.81486039679083E-14  8.71812439838377E-07 -6.97494501962240E-14
 -2.21656283673651E-14  4.92305766491208E-01  3.23918793439602E-14 -7.62925975642497E-14  4.07118256337854E-15
  4.69412400342768E-01 -4.62867964974219E-14  3.86014590775949E-14  2.18290378247136E-14  3.62917036939295E-14
  4.69412679799974E-01 -6.60064743838568E-14 -8.37806533797919E-14 -3.78945510154398E-14  5.62018519783349E-14
  4.69453947386824E-01  2.12175792997087E-14  1.34956092761922E-13 -2.67876139078852E-14 -5.96328123262324E-14
  4.69454226489727E-01  9.79753380738864E-15 -9.44205149991080E-14
* ORBITAL    1   38
  4.39833042777066E-14 -2.91138099215226E-13  1.93931776030463E-12  3.82501620080231E-07 -2.60357728843690E-06
 -2.63147141083212E-15 -3.30226439247915E-14 -1.26068568181130E-13 -1.09732692431524E-12  6.68906891307482E-01
  6.81073922933653E-15  1.41157664459794E-13  8.47508935739694E-07 -1.28137488977471E-13 -5.90683754686221E-14
  3.50928533308756E-13 -2.01574552851207E-12 -2.91165714857669E-07  2.51471523374478E-06  3.24949220627709E-14
 -1.57425872158208E-14 -1.46583450966334E-13 -1.10300239124295E-12  6.69053549609911E-01 -1.12880978300928E-14
 -1.46060446309369E-13  2.42696229140989E-07  1.71110369447944E-13 -6.03394680028491E-15  7.66292015641905E-14
 -4.20839622988012E-01 -2.93714495374318E-13  8.35394414076125E-14  8.72863080684478E-14  9.37623451487901E-15
  4.20842714322429E-01  1.76494537454108E-13  1.70602026870744E-13 -9.13994809318675E-14  1.39609688634522E-16
 -4.20931293901940E-01  1.87011297792293E-13  1.85713875491685E-13 -4.55308284361603E-14 -3.49448564881771E-14
  4.20928174687910E-01 -2.12474484344117E-13  1.66748938370750E-13
* ORBITAL    1   39
 -3.39265062487867E-02  4.05766028402414E-01 -2.96985673146872E+00 -2.95815155772658E-14 -1.68631372882439E-14
  8.88580279320897E-06 -7.08213741841849E-06  4.78001879243130E-01  1.77970165626016E+00  3.06813530040724E-13
  4.30040921596306E-06 -2.59187835642081E-01 -2.54343675478501E-14  3.55495569378004E-01  3.39207364265248E-02
 -4.05723245212210E-01  2.96984762311004E+00  5.58745412921061E-14  5.77405409061235E-15  1.02892827516147E-05
 -1.50954226903345E-05  4.77994622867271E-01  1.77967953125752E+00  2.96512489736642E-13 -4.11515298558796E-06
  2.59181127188822E-01 -5.87945372760946E-14 -3.55424030924137E-01 -5.07250734796693E-02 -1.59564607501605E-01
 -1.66102784848869E-13  5.10568311079827E-01 -1.01756113901736E-01 -5.07174254377425E-02 -1.59580669979776E-01
  2.30565342095464E-13 -5.10557457577199E-01 -1.01756392907799E-01  5.07300595825351E-02  1.59574364223015E-01
 -2.25342969259107E-13 -5.10523650809223E-01 -1.01738637767638E-01  5.07348368438036E-02  1.59552734928431E-01
  1.25236571885790E-13  5.10536881676120E-01 -1.01737914646582E-01
* ORBITAL    1   40
  1.13315924564084E-06 -7.69825307784939E-06  8.26902497761832E-06 -2.73138342064168E-14 -5.76459502150854E-14
 -7.28555055503443E-01 -4.93981578693476E-01 -8.75869016284369E-06  1.27674864339987E-06 -2.25611608549552E-14
  1.40425276118396E-01 -8.38763916292413E-06 -1.36317608873950E-13  9.21247339680982E-07  1.09027869349429E-06
 -7.38358814525585E-06  4.39123147974413E-06 -1.22621319218529E-13 -1.05952776245805E-13  7.28568646175541E-01
  4.93970256743436E-01  8.41936424358119E-06 -5.08074864161058E-06 -2.07156783691228E-14  1.40398140377490E-01
 -9.46175371851444E-06  7.60456268926794E-15  1.19756372569301E-06  2.50473491258078E-01  4.08503954611913E-01
  6.46516100751360E-14 -4.30825727573527E-01 -4.72484892036332E-01 -2.50465294232763E-01 -4.08510690973734E-01
  6.49551052908937E-14 -4.30808828306405E-01  4.72486274554242E-01 -2.50482047664011E-01 -4.08492875370779E-01
  1.62847213137642E-14  4.30813333780131E-01 -4.72477460556524E-01  2.50490133098015E-01  4.08484029731254E-01
 -6.27362527523867E-14  4.30828508732734E-01  4.72476050413168E-01
* ORBITAL    1   41
  1.53152034195398E-02 -3.94558944857789E-02 -5.09001546239606E-01  2.29382912311391E-14  1.34403812552690E-14
  6.21896397013209E-06  3.88342476422968E-05 -3.43863060725572E-01 -2.10779262201131E-01  3.50770569007232E-12
 -4.73175346203973E-06 -5.93864051478332E-01  3.86519433068309E-14 -8.80312049120520E-02  1.53250551155644E-02
 -3.95214628667935E-02 -5.08718088302705E-01 -3.83252152635162E-15  1.18635738646806E-14 -8.54569214122315E-06
 -3.80886754858850E-05  3.43825604347937E-01  2.10913762409565E-01 -3.50416892877019E-12 -3.75297479489329E-06
 -5.93934874926489E-01  3.46490804022735E-14 -8.80702385551677E-02  1.09990969082796E-01  2.31043108500234E-01
 -1.79667710558089E-12 -4.15410651705912E-01  2.58430243703073E-01  1.10002847599978E-01  2.31088341686020E-01
  1.76437185400590E-12  4.15419600388710E-01  2.58414688204408E-01  1.09994324917730E-01  2.31078677138507E-01
  1.78587960755278E-12 -4.15443896562463E-01 -2.58453096689778E-01  1.09980228315740E-01  2.31034532933662E-01
 -1.78486931621414E-12  4.15433399472386E-01 -2.58469509187215E-01
* ORBITAL    1   42
  5.31573968645096E-14 -6.21991612776468E-14 -2.31080889867642E-12  3.57168552792557E-08 -6.99072383779096E-07
 -6.31397394234288E-14  4.66630323633994E-16 -1.42650870473807E-12 -9.15417570576655E-13 -7.73300825930164E-01
  1.82265908201131E-14 -2.72364081009593E-12  1.08366157661469E-06 -3.98958292940944E-13  3.40253407209532E-14
  1.25843798481773E-14 -2.37288561732382E-12 -2.91678376446225E-08  1.11988311318231E-06  1.01023260928279E-13
  8.89012252768020E-16  1.54023702396707E-12  9.41218997289759E-13  7.73158398080447E-01  2.12463215965858E-14
 -2.78078126950844E-12  6.88543204710550E-07 -3.92763583570121E-13  4.22600154819557E-13  1.03144587193368E-12
  3.86192867149691E-01 -1.82723195768060E-12  1.13842425559036E-12  4.04284754143410E-13  1.03967414140759E-12
 -3.86193605172685E-01  1.84686330187207E-12  1.15199139175293E-12  4.44727643639663E-13  1.07385707186006E-12
 -3.86119571793082E-01 -1.88349753944752E-12 -1.18038236131270E-12  4.19640330615010E-13  1.04341013235903E-12
  3.86118534298797E-01  1.85256929618410E-12 -1.17606867084309E-12
* ORBITAL    1   43
 -3.14862229484429E-14  7.15834966596622E-14 -3.85694928643105E-13 -7.92717472440802E-02 -4.52585118805202E-02
 -2.57429532588958E-13 -1.85671114513705E-13  1.27426689434937E-13  1.60457711571491E-13  6.19038218097622E-07
 -9.49921423618745E-14  5.63281509911369E-14  9.06070536215057E-01  6.99274761273109E-14 -2.88897154828591E-15
 -3.14829376160057E-14  4.41147102829818E-13  7.92931662385230E-02  4.52643367600119E-02  3.88326737252563E-14
 -5.46164737356076E-14  1.43400357430682E-13  1.44390207407177E-13 -7.56067861725039E-07  1.58925413087421E-13
 -1.44629399304553E-14  9.06004189397783E-01 -8.58850999980812E-14  1.84681002458101E-13  1.89953002331107E-13
 -2.12595940857838E-01 -6.74301813143569E-14 -1.94189957350365E-13 -2.22526093988325E-13 -1.42979182856545E-13
 -2.12595317411071E-01 -1.06468819935960E-13  4.50176361849284E-14  3.73837902274799E-14 -3.66770449752082E-14
  2.12565936883616E-01 -1.75943683097941E-14 -2.17786491890727E-14 -5.40323088047313E-14 -6.03056589689388E-14
  2.12565187281958E-01 -9.57506826003858E-14 -1.18517361422935E-13
* ORBITAL    1   44
  1.29698658040951E-01 -9.00757153304021E-01 -4.55343892313574E-01 -5.96513071244597E-16  3.88867629899844E-14
  2.05874033188094E-06  3.08446084406317E-05 -4.61800165236460E-01 -1.85782076015553E-01 -3.80892696075954E-14
 -1.67357039271111E-06  1.87187999488276E-01  4.82737248415508E-15  7.03286798981977E-01  1.29722651327669E-01
 -9.00891875615762E-01 -4.56060058756491E-01  9.20907284381948E-15  3.50713869225203E-14  3.67208647461190E-06
 -3.09378192839866E-05  4.61954846159837E-01  1.85615246181948E-01  1.61219239097953E-14 -5.86285233558117E-06
  1.87248763761336E-01  3.49204858907287E-14  7.03548782261996E-01  5.91266353798973E-01  2.03924071326913E-01
 -2.22071837968576E-15 -5.90238366108198E-01 -4.89558229859963E-01  5.91275069667084E-01  2.03958518202378E-01
 -4.81512372242426E-14  5.90242294874619E-01 -4.89565603982315E-01  5.91460476570768E-01  2.04051596002470E-01
 -4.02439811638054E-15 -5.90380435542514E-01  4.89713132257138E-01  5.91459217576802E-01  2.04015548567138E-01
 -6.53795566166612E-14  5.90384265811713E-01  4.89710102045299E-01
* ORBITAL    1   45
 -3.15281418174017E-05  1.88809189469746E-04  2.27510233140779E-04 -4.22194713623378E-13 -5.34076038465270E-14
  8.52984228240692E-01  4.77826251514374E-01 -4.33793353771042E-05 -6.52943314010418E-05  5.33968707325055E-14
  7.73699198606046E-01  1.65195971795739E-04  9.24355103343568E-14 -7.77852169923787E-05  3.08837537605076E-05
 -1.84492404123287E-04 -2.24215371256677E-04  4.10961295796362E-13  7.98651328675275E-14  8.53034243318447E-01
  4.77893822625827E-01 -4.56515910162050E-05 -6.49337699180909E-05  6.29830308167499E-14 -7.73846762530341E-01
 -1.67114247004206E-04  1.75735661599526E-13  7.46238693297084E-05 -6.45122802043731E-01 -3.27877234229887E-01
 -1.73023671262719E-14  6.53337540262312E-01  4.27551582997753E-01  6.44984885904169E-01  3.27822977516748E-01
 -6.42366132608108E-14  6.53164554040834E-01 -4.27514066017569E-01 -6.45074376500699E-01 -3.27831634965433E-01
  3.71006830721292E-14  6.53232345223754E-01 -4.27528120250915E-01  6.45207657356870E-01  3.27882043894922E-01
 -2.50544809303839E-14  6.53399107167334E-01  4.27558161524478E-01
* ORBITAL    1   46
  1.60838908060441E-01 -9.47569411197153E-01 -1.11983906445679E+00  7.34827065129819E-14  4.33931224329555E-14
  1.51013921522579E-04  9.84148722483727E-05  2.98073153530105E-01  1.71211065927149E-01 -4.47910525911197E-15
  1.41256843885027E-04 -9.57036154217765E-01  7.56698277167983E-15  3.29417423607452E-01 -1.60824038234689E-01
  9.47465991242612E-01  1.11980335201699E+00 -2.76994512594619E-14 -8.08980373553125E-15  1.51563876453804E-04
  1.02930785172531E-04  2.98138991204299E-01  1.71228453402091E-01  2.92812177870628E-14 -1.41974887632628E-04
  9.57012811013087E-01 -9.65674518562320E-15 -3.29347543162933E-01  3.19564576877737E-01  2.20483481487249E-01
 -1.53485802754351E-14 -4.48926399819003E-01 -2.57007846094690E-02  3.19799941663634E-01  2.20623298048921E-01
 -2.05409262875086E-14  4.49162318845584E-01 -2.58595193563052E-02 -3.19738822286832E-01 -2.20606466777844E-01
 -2.48065460549705E-14  4.49091698122110E-01 -2.58257981329648E-02 -3.19502061371719E-01 -2.20460445739208E-01
  4.66474587883690E-14 -4.48854784501274E-01 -2.56662622267032E-02
* ORBITAL    1   47
 -6.91503842943170E-02  3.92583195110511E-01  1.44454412855758E+00 -2.03349172970286E-14 -2.85547367198817E-14
 -1.28051282140193E-05 -1.79167759477038E-05  6.31160290634908E-01 -1.89000047679760E-01 -4.38793639449090E-14
 -1.45475787380954E-05 -5.80692013508788E-01  9.05298404036867E-14 -8.43404781131399E-01  6.91137392053942E-02
 -3.92325739970738E-01 -1.44444751568087E+00  2.32663959496172E-14 -1.49049523417515E-14 -1.18966133138252E-05
 -2.11378902253908E-05  6.31058491807777E-01 -1.89058503150942E-01 -9.07288470969742E-15  1.49087827954618E-05
  5.80602441403751E-01  9.03342785100827E-14  8.43205279099784E-01 -5.87544495037028E-01 -2.59139554228451E-01
  1.63670705175414E-14  4.12895592282247E-01  5.29673752352018E-01 -5.87568205154609E-01 -2.59169550380994E-01
  2.15145462393214E-14 -4.12918167802326E-01  5.29691772544724E-01  5.87414171994636E-01  2.59122549941033E-01
  9.53910980318422E-15 -4.12777699610520E-01  5.29557087967368E-01  5.87389356915623E-01  2.59090595706425E-01
 -3.10778732769870E-14  4.12755348243230E-01  5.29539177424388E-01
* ORBITAL    1   48
  2.14621590598145E-07 -5.57071973466603E-07 -1.26492559300923E-05 -5.25076724323977E-14  4.23350380831994E-14
  4.52505969333819E-01  7.43131325690223E-01 -4.76510548235737E-07 -5.07155746269863E-06  2.94481204065698E-14
  1.23312312411167E+00 -4.73846871101534E-07 -7.25572336475483E-14  2.20566367813831E-06  2.79791261731273E-08
  2.44210559294967E-07 -1.13790219726668E-05  3.35961561374989E-13  2.21467888662471E-13 -4.52412221623004E-01
 -7.43063513513451E-01  1.69241408603489E-06  4.33205040382483E-06 -2.74008899076412E-14  1.23301367825904E+00
 -1.31747272103470E-07  1.76367687786593E-14  1.76354568268156E-06 -6.99966551035765E-01 -2.53533308608889E-01
  5.90007511847008E-15  5.74210537759893E-01  1.62689091159657E-01  6.99969848102921E-01  2.53546350355953E-01
 -1.03278676281450E-15  5.74216140819080E-01 -1.62690202448569E-01  6.99890862322699E-01  2.53499553139012E-01
  1.11618125447219E-14 -5.74143397675779E-01  1.62646774511077E-01 -6.99887903379570E-01 -2.53487999254345E-01
  4.82761077575415E-14 -5.74138552179183E-01 -1.62645936891812E-01
#OCC
* OCCUPATION NUMBERS
  2.00000000000000E+00  2.00000000000000E+00  1.98534498259194E+00  1.98034468331839E+00  1.97899218960068E+00
  1.97606670477656E+00  1.97708041961107E+00  1.92607830698553E+00  7.48822548577661E-02  2.15244544271547E-02
  2.04391693522283E-02  2.22432138071463E-02  1.88311499451775E-02  1.81724707263505E-02  0.00000000000000E+00
  0.00000000000000E+00  0.00000000000000E+00  0.00000000000000E+00  0.00000000000000E+00  0.00000000000000E+00
  0.00000000000000E+00  0.00000000000000E+00  0.00000000000000E+00  0.00000000000000E+00  0.00000000000000E+00
  0.00000000000000E+00  0.00000000000000E+00  0.00000000000000E+00  0.00000000000000E+00  0.00000000000000E+00
  0.00000000000000E+00  0.00000000000000E+00  0.00000000000000E+00  0.00000000000000E+00  0.00000000000000E+00
  0.00000000000000E+00  0.00000000000000E+00  0.00000000000000E+00  0.00000000000000E+00  0.00000000000000E+00
  0.00000000000000E+00  0.00000000000000E+00  0.00000000000000E+00  0.00000000000000E+00  0.00000000000000E+00
  0.00000000000000E+00  0.00000000000000E+00  0.00000000000000E+00
#OCHR
* OCCUPATION NUMBERS (HUMAN-READABLE)
  2.0000  2.0000  1.9853  1.9803  1.9790  1.9761  1.9771  1.9261  0.0749  0.0215
  0.0204  0.0222  0.0188  0.0182  0.0000  0.0000  0.0000  0.0000  0.0000  0.0000
  0.0000  0.0000  0.0000  0.0000  0.0000  0.0000  0.0000  0.0000  0.0000  0.0000
  0.0000  0.0000  0.0000  0.0000  0.0000  0.0000  0.0000  0.0000  0.0000  0.0000
  0.0000  0.0000  0.0000  0.0000  0.0000  0.0000  0.0000  0.0000
#ONE
* ONE ELECTRON ENERGIES
 -1.1204E+01 -1.1203E+01 -1.0059E+00 -6.8166E-02 -6.6379E-07 -6.3073E-01  6.5118E-08 -2.4776E-06 -3.0223E-14  1.7101E-13
  1.5984E-06  1.0040E-02 -4.7807E-05 -1.7747E-06  4.8036E-01  5.0063E-01  5.0164E-01  5.0957E-01  5.8407E-01  6.1793E-01
  6.5086E-01  7.0441E-01  7.0656E-01  7.1127E-01  7.8690E-01  1.2704E+00  1.4299E+00  1.4967E+00  1.5360E+00  1.8291E+00
  1.8907E+00  1.8978E+00  1.9759E+00  1.9965E+00  2.0590E+00  2.1180E+00  2.2195E+00  2.3850E+00  2.4716E+00  2.5791E+00
  2.7098E+00  2.7178E+00  2.8082E+00  3.0339E+00  3.1156E+00  3.1464E+00  3.4123E+00  3.6716E+00
#INDEX
* 1234567890
0 ii22222222
1 2222ssssss
2 ssssssssss
3 ssssssssss
4 ssssssss
