0.000000000000000000e+00 -9.608201426873073387e+02 -9.608201426873073387e+02
9.000000000000000222e-01 -9.601672674138618504e+02 -9.608258898724296841e+02
9.020000000000000240e-01 -9.601377452736234090e+02 -9.607941751342281123e+02
9.040000000000000258e-01 -9.601571168007892538e+02 -9.608146417391714067e+02
9.060000000000000275e-01 -9.601527425854872035e+02 -9.607987594824780899e+02
9.080000000000000293e-01 -9.601502083258492348e+02 -9.608200198635621518e+02
9.100000000000000311e-01 -9.601400930492087582e+02 -9.608126753797442916e+02
9.120000000000000329e-01 -9.601430834498289641e+02 -9.608260909516379797e+02
9.140000000000000346e-01 -9.601702404296655686e+02 -9.608018128128337594e+02
9.160000000000000364e-01 -9.601678544287095747e+02 -9.608217859214324790e+02
9.180000000000000382e-01 -9.601641912827628857e+02 -9.607954173483825571e+02
9.200000000000000400e-01 -9.601578972019091225e+02 -9.608169910996344925e+02
9.220000000000000417e-01 -9.601851628639577712e+02 -9.608215021505085360e+02
9.240000000000000435e-01 -9.601583017965914451e+02 -9.608221906467010740e+02
9.260000000000000453e-01 -9.601486082961372404e+02 -9.608019500178461385e+02
9.280000000000000471e-01 -9.601801271745470103e+02 -9.608056604686985338e+02
9.300000000000000488e-01 -9.601804007884247767e+02 -9.608081264146097737e+02
9.320000000000000506e-01 -9.601883928172832157e+02 -9.608118386880454409e+02
9.340000000000000524e-01 -9.601689951682619721e+02 -9.608042087580566886e+02
9.360000000000000542e-01 -9.601653116334573497e+02 -9.608148507029831080e+02
9.380000000000000560e-01 -9.601726518297076609e+02 -9.608278226275537008e+02
9.400000000000000577e-01 -9.601850178518599250e+02 -9.608258830217441755e+02
9.420000000000000595e-01 -9.601810912579462638e+02 -9.608119080678890214e+02
9.440000000000000613e-01 -9.601851353055908476e+02 -9.608069141831543902e+02
9.460000000000000631e-01 -9.601974401315727619e+02 -9.608118681867441637e+02
9.480000000000000648e-01 -9.601716164866087411e+02 -9.607990047162312521e+02
9.500000000000000666e-01 -9.601898750244583880e+02 -9.607970354375974011e+02
9.520000000000000684e-01 -9.601883567928841785e+02 -9.608088138252222734e+02
9.540000000000000702e-01 -9.601888808138627383e+02 -9.608109713556960969e+02
9.560000000000000719e-01 -9.601984253465611800e+02 -9.608173571180556110e+02
9.580000000000000737e-01 -9.602200692724546798e+02 -9.608100605344931182e+02
9.600000000000000755e-01 -9.602325373922733434e+02 -9.608199918525660905e+02
9.620000000000000773e-01 -9.602594515519535889e+02 -9.608086839930173255e+02
9.640000000000000790e-01 -9.602557332249861020e+02 -9.608244228595508503e+02
9.660000000000000808e-01 -9.602321449782810987e+02 -9.608301230207983963e+02
9.680000000000000826e-01 -9.602696614438607412e+02 -9.608197396899931846e+02
9.700000000000000844e-01 -9.602711267122051595e+02 -9.607976206834227924e+02
9.720000000000000862e-01 -9.602536935997959517e+02 -9.608340650945514199e+02
9.740000000000000879e-01 -9.603090540287148542e+02 -9.608201028417757925e+02
9.760000000000000897e-01 -9.603075266818028695e+02 -9.608046914208571252e+02
9.780000000000000915e-01 -9.603482783936508440e+02 -9.608122816208478980e+02
9.800000000000000933e-01 -9.603766266455343157e+02 -9.607945031136044918e+02
9.820000000000000950e-01 -9.603854684156210624e+02 -9.608169343304990662e+02
9.840000000000000968e-01 -9.604285892973861110e+02 -9.608093426578692515e+02
9.860000000000000986e-01 -9.604626294193780041e+02 -9.608389365304236662e+02
9.880000000000001004e-01 -9.604806835307806523e+02 -9.608313291354038483e+02
9.900000000000001021e-01 -9.605194325326632452e+02 -9.608032793559059428e+02
9.920000000000001039e-01 -9.605765305815439206e+02 -9.608117779462885437e+02
9.940000000000001057e-01 -9.606302957783885859e+02 -9.608139350750192307e+02
9.960000000000001075e-01 -9.606870584602031613e+02 -9.608212154886940652e+02
9.980000000000001092e-01 -9.607536544833769767e+02 -9.607936826449687260e+02
