1.000000000000000000e+00 -9.608748486470170747e+02 -9.608748486470170747e+02
9.000000000000000222e-01 -9.603190106221073847e+02 -9.608749403036831609e+02
9.020000000000000240e-01 -9.603106176786548076e+02 -9.608908517142771188e+02
9.040000000000000258e-01 -9.603058156673820349e+02 -9.608744747112842788e+02
9.060000000000000275e-01 -9.602879892284382777e+02 -9.608641419404848421e+02
9.080000000000000293e-01 -9.603216536040106348e+02 -9.608734104514722958e+02
9.100000000000000311e-01 -9.603008721093531221e+02 -9.608692024929767967e+02
9.120000000000000329e-01 -9.603303904492836409e+02 -9.608784331911905383e+02
9.140000000000000346e-01 -9.603354929799395450e+02 -9.608629065615206173e+02
9.160000000000000364e-01 -9.603238024492952718e+02 -9.608791449719896036e+02
9.180000000000000382e-01 -9.603211017344553966e+02 -9.608727311380049514e+02
9.200000000000000400e-01 -9.603410918226279591e+02 -9.608679094704269801e+02
9.220000000000000417e-01 -9.603375249193495620e+02 -9.608700287798643558e+02
9.240000000000000435e-01 -9.603368286493843016e+02 -9.608666623411312457e+02
9.260000000000000453e-01 -9.603401433209164679e+02 -9.608781933737604959e+02
9.280000000000000471e-01 -9.603346234253900775e+02 -9.608730699090114058e+02
9.300000000000000488e-01 -9.603517995720121689e+02 -9.608719138763552792e+02
9.320000000000000506e-01 -9.603649828465833025e+02 -9.608714855112961004e+02
9.340000000000000524e-01 -9.603735369965976361e+02 -9.608699832289095184e+02
9.360000000000000542e-01 -9.603687754948543898e+02 -9.608679300888894659e+02
9.380000000000000560e-01 -9.603851621553455971e+02 -9.608584401240506168e+02
9.400000000000000577e-01 -9.603725784959675593e+02 -9.608812964066631821e+02
9.420000000000000595e-01 -9.603827756543058740e+02 -9.608765610771173442e+02
9.440000000000000613e-01 -9.603659940531867960e+02 -9.608560403824104696e+02
9.460000000000000631e-01 -9.603934803689141972e+02 -9.608985448852312174e+02
9.480000000000000648e-01 -9.603964905783997210e+02 -9.608791712926321225e+02
9.500000000000000666e-01 -9.604191688217953242e+02 -9.608721491972219155e+02
9.520000000000000684e-01 -9.604316906635032183e+02 -9.608678164898066143e+02
9.540000000000000702e-01 -9.604061296123403508e+02 -9.608773917424178990e+02
9.560000000000000719e-01 -9.604514866404474560e+02 -9.608661822952744842e+02
9.580000000000000737e-01 -9.604710850660140977e+02 -9.608650578209654896e+02
9.600000000000000755e-01 -9.604585143080721537e+02 -9.608742758709480540e+02
9.620000000000000773e-01 -9.604488923304387527e+02 -9.608731682136134395e+02
9.640000000000000790e-01 -9.605022295526241578e+02 -9.608730214052105794e+02
9.660000000000000808e-01 -9.605072904783181684e+02 -9.608687943214687266e+02
9.680000000000000826e-01 -9.604974203431170281e+02 -9.608917989464293896e+02
9.700000000000000844e-01 -9.605228719196139764e+02 -9.608868772888046124e+02
9.720000000000000862e-01 -9.605303804401257821e+02 -9.608694658592081623e+02
9.740000000000000879e-01 -9.605632349112012207e+02 -9.608701973870373649e+02
9.760000000000000897e-01 -9.605852798520432998e+02 -9.608696923337711269e+02
9.780000000000000915e-01 -9.605884198748609606e+02 -9.608730994134754155e+02
9.800000000000000933e-01 -9.606102254686124979e+02 -9.608720368196464960e+02
9.820000000000000950e-01 -9.606143892535030773e+02 -9.608746955188847778e+02
9.840000000000000968e-01 -9.606487174612137778e+02 -9.608793619917573778e+02
9.860000000000000986e-01 -9.606547211293730015e+02 -9.608671764084468805e+02
9.880000000000001004e-01 -9.606777721465207378e+02 -9.608730581263795330e+02
9.900000000000001021e-01 -9.607136465638252503e+02 -9.608917361423905277e+02
9.920000000000001039e-01 -9.607497905877013409e+02 -9.608537518914230304e+02
9.940000000000001057e-01 -9.607838166798195516e+02 -9.608689116084502757e+02
9.960000000000001075e-01 -9.608033749002881905e+02 -9.608704383874365931e+02
9.980000000000001092e-01 -9.608357829191829751e+02 -9.608845823239377069e+02
