#INPORB 2.2
#INFO
* RASSCF natural orbitals for root number  1 E=      -78.018035338952
       0       1       0
      48
      48
*BC:HOST mgt PID 57243 DATE Thu Oct  9 13:06:22 2025
#ORB
* ORBITAL    1    1
  7.02240534030463E-01  2.32044046385086E-02 -1.15298686007668E-02 -1.13270672086673E-15  7.98127648956676E-15
  1.09337779168455E-08 -1.40605995370293E-07  1.26061303358534E-03 -6.06040835190212E-04  7.60055559623343E-17
 -4.50709104433869E-09  4.35922369389827E-04 -5.23296857271975E-16 -6.57498672206417E-04  6.99136451552364E-01
  2.30916233582263E-02 -1.14291515062289E-02  1.00340982515158E-14 -1.10050175481250E-15 -1.31771423543168E-09
  1.26177224372093E-07 -1.26223088030910E-03  6.15755076099009E-04 -7.11526397034629E-17 -3.92086210135582E-09
  4.34225336607088E-04  7.91051028709155E-17 -6.52084122107022E-04 -1.49060973604980E-03  3.39433665975890E-03
 -1.18733675043792E-16  7.32156165623856E-04  8.33329202557565E-05 -1.49064003993758E-03  3.39416682009875E-03
 -1.33185010212489E-16 -7.32162184497012E-04  8.33446014559460E-05 -1.48355711771134E-03  3.37636218214047E-03
  4.07868262962738E-16  7.28877998050144E-04 -8.03949017184968E-05 -1.48352852579917E-03  3.37651092597531E-03
  4.45902944941316E-16 -7.28869585350044E-04 -8.03850383948232E-05
* ORBITAL    1    2
 -6.98993958877704E-01 -2.73466914883297E-02  2.33397953224443E-02  1.76016898533783E-14  7.50930856571800E-15
 -1.10213873621639E-08  8.36230048647560E-08  6.07318380556936E-04 -1.89875386787970E-03  5.76128670348518E-17
  1.62473042441521E-08 -8.90044598248303E-04 -1.28255572446690E-15  1.43661344591252E-03  7.02095673806605E-01
  2.74549045338616E-02 -2.33929759077489E-02  1.77060985325566E-14  7.30722143705126E-15 -2.27113521600698E-09
  1.01757875665285E-07  6.00592532210168E-04 -1.89642823139477E-03  1.87983453956109E-17 -1.49055718848674E-08
  8.92105321749905E-04  1.40334007518700E-15 -1.44016842494606E-03  1.91905496309769E-03 -4.24189107542046E-03
  4.55364464361472E-16 -1.03737777759849E-03 -8.18075971522798E-04  1.91907809268163E-03 -4.24173247004303E-03
  5.07076235870587E-16  1.03739293247942E-03 -8.18098819079608E-04 -1.92687537848638E-03  4.25720666610543E-03
  3.32657946230581E-16  1.04176331510289E-03 -8.18923477210262E-04 -1.92684464511195E-03  4.25738884446225E-03
  5.25915349365406E-16 -1.04174479844692E-03 -8.18898168198873E-04
* ORBITAL    1    3
 -1.97798359012767E-01  3.78032801220320E-01  1.08951476878528E-01  4.56191570475104E-11 -5.42263117964592E-11
  9.22242490545967E-05  3.28613855456036E-05 -2.04483573381046E-01 -5.36616981539137E-02  7.47548411295581E-17
  8.32806608429908E-06  2.02842337783051E-02 -1.19327438062812E-11  1.07478763732317E-03 -1.97811717355672E-01
  3.78102958510762E-01  1.08816925891312E-01  1.73273230394729E-10  2.24138123738627E-10 -8.92269448830862E-05
 -4.42331317202463E-05  2.04488637286328E-01  5.36507983411902E-02  1.11898171572911E-16  9.23760848828188E-06
  2.02840515262031E-02  3.96339106471496E-12  1.07513274610922E-03  6.87550551265191E-02 -2.13297815971343E-03
 -2.39781446909774E-13 -1.07203427088096E-02 -9.66175493887455E-03  6.85944313128527E-02 -2.22193593420719E-03
 -2.39697261331685E-13  1.07143386782808E-02 -9.65529410176512E-03  6.85849886985082E-02 -2.18507725268062E-03
  6.27293718117037E-12 -1.07100680599024E-02  9.65247172194157E-03  6.87400303888746E-02 -2.12157098840638E-03
  6.27297885168856E-12  1.07147248211165E-02  9.65715864451274E-03
* ORBITAL    1    4
  1.52477658321140E-01 -3.02795958314089E-01 -1.13572712515961E-01  2.30495626370311E-09  1.85359867562349E-09
  2.97600190847451E-04  1.06727477112292E-04 -1.58859961231343E-01 -5.66380412578549E-02  5.55776327709074E-15
  4.93996142255469E-06  7.06622233727228E-03 -1.60797680164942E-10  9.50152567906108E-03 -1.52529331089668E-01
  3.02907520787088E-01  1.13589374997934E-01  2.21484762745437E-09  1.65721747548124E-09  2.54311590765910E-04
  9.35971986713902E-05 -1.59371453684949E-01 -5.68252705840615E-02 -4.75138616554615E-15 -7.74941061004192E-07
 -7.08731174494206E-03  1.66476967641535E-10 -9.51950517142206E-03 -1.95359926729574E-01 -4.35688715857865E-02
  6.46883871318313E-11  1.77781761546121E-02  7.29287009457569E-03 -1.95767442042701E-01 -4.37061128503181E-02
  6.46934133850702E-11 -1.77966965634030E-02  7.31153199398072E-03  1.95982560520050E-01  4.37825764320700E-02
  6.00685494396742E-11 -1.78110156154368E-02  7.30940411620643E-03  1.95651047136286E-01  4.36900666539253E-02
  6.00644751432105E-11  1.77952084674595E-02  7.29351087798159E-03
* ORBITAL    1    5
 -1.32951805064072E-04  2.64263979625292E-04  9.42494183205732E-05 -1.84280048663060E-12 -1.47835298395482E-12
  3.13131541884372E-01  1.17687594947647E-01  1.32028318639626E-04  4.80015935659021E-05  3.96760935459766E-15
  3.44055693232318E-03 -6.08011098733880E-06  1.28838857611244E-13 -8.23802235562716E-06  1.35853445535965E-04
 -2.67820666804824E-04 -1.10479706845862E-04 -1.77579932314663E-12 -1.33252375076169E-12  3.13136609156255E-01
  1.17670507969432E-01  1.48454072974619E-04  5.89919468657212E-05  3.28800828893939E-14 -3.44161338758764E-03
  6.44572221412491E-06 -1.33183095696554E-13  8.91232000846990E-06  2.09262047677739E-01  6.01673427545771E-02
 -5.08628717321161E-14 -9.59143721994926E-03 -9.59713785996812E-03 -2.08926295211255E-01 -6.00907941624563E-02
 -5.25078158990519E-14 -9.56093117803310E-03  9.58428891655170E-03  2.08928530544731E-01  6.01244734023230E-02
 -4.60219665802943E-14 -9.56053467395532E-03  9.58454307485068E-03 -2.09282468448872E-01 -6.01917422813018E-02
 -5.04613964511156E-14 -9.59169531897765E-03 -9.59741625879336E-03
* ORBITAL    1    6
 -3.07750486921846E-02  4.77703090162657E-02  3.65262087025509E-02 -2.50172634955399E-09 -3.86940278929041E-09
 -3.38133781773125E-04 -1.30968713126651E-04  3.70232471515503E-01  1.32048196162271E-01  4.93851974120299E-16
 -3.27907253670579E-05 -1.23432555341190E-02 -4.19874897030914E-12 -1.16059974494241E-02 -3.05662059642326E-02
  4.73464281777872E-02  3.64597165209209E-02  2.42997888355962E-10  2.11512314684859E-09  3.51633190673695E-04
  1.56543231741606E-04 -3.70009029908669E-01 -1.31963087884821E-01 -9.30133615860785E-16 -3.42361365692204E-05
 -1.23345802973031E-02 -1.67787622223639E-10 -1.15963497964392E-02  1.89003101199794E-01  6.69758107203817E-02
 -1.01228512294640E-10 -1.44875116930862E-02 -7.50301246251520E-04  1.89596513950610E-01  6.72926061768200E-02
 -1.01231371101112E-10  1.45081859334873E-02 -7.72074172038174E-04  1.89334725389720E-01  6.71885927451804E-02
  3.88762285037290E-11 -1.44810813370040E-02  7.61095939140779E-04  1.88725956938023E-01  6.69084842562773E-02
  3.88709124283967E-11  1.44613443819038E-02  7.40606887733383E-04
* ORBITAL    1    7
 -1.35457103551046E-05  3.56715597921463E-05  1.29606107392819E-06  3.10350674989177E-12  4.65010656780035E-12
 -2.97574862993401E-01 -1.14760926073316E-01 -5.02931948065755E-04 -1.66637438231789E-04  3.68442937127392E-15
 -2.87723487571471E-02  2.10752247052602E-05 -7.27270646816896E-15  1.42150157433861E-05 -3.59323157164891E-05
  8.15030566830231E-05  8.30998337340516E-06 -8.71207075993061E-14 -2.30733625351281E-12  2.97558285839316E-01
  1.14758502963277E-01  4.79909269003804E-04  1.62423727994930E-04  9.44504026806787E-15 -2.87731616435567E-02
  1.99499324339435E-05  2.11173692031403E-13  1.29333345316290E-05 -2.59886002262766E-01 -1.34966728016881E-01
  1.21470435149902E-13  8.88094435575877E-03  9.34082323282874E-03  2.59459258851945E-01  1.34780658662409E-01
  1.23815384251511E-13  8.85023026341156E-03 -9.34381245589592E-03  2.59478559410228E-01  1.34795525805770E-01
 -3.13712809606566E-14 -8.85171759500974E-03  9.34435669913821E-03 -2.59846870394282E-01 -1.34956044545071E-01
 -4.73590575039857E-14 -8.87665276228215E-03 -9.33913143824895E-03
* ORBITAL    1    8
 -1.03306689441895E-09  1.95325603760253E-09  6.76458906071920E-09  3.83459949551475E-01  2.97828059432079E-01
 -3.30890015831572E-13 -7.93447092540961E-13  1.97897347626321E-09 -2.51006301018488E-09  4.38048796618793E-08
  1.21889175768715E-14 -1.02080921344136E-10 -2.77646726185611E-02 -1.09192850698581E-10  9.60285333561179E-10
 -1.88129318998795E-09 -6.49489178484181E-09  3.83466733732937E-01  2.97875578231510E-01 -3.24069822909188E-13
 -6.91034267100926E-13 -3.24493750513330E-10 -3.35768707923314E-09  9.71055309486686E-08 -1.37347619947140E-14
  1.82715418324093E-11  2.77700829898355E-02  4.03346397414846E-11  1.79934871095263E-09  7.02743953257885E-11
  1.05863954436975E-02 -1.35161446825637E-10 -4.69079280588857E-11  1.79946300069593E-09  6.81248689528733E-11
  1.05863483117795E-02  1.35160984472228E-10 -4.69161243849082E-11 -7.26060615329010E-10  2.45686222682523E-10
  1.05823515000227E-02  5.61827759184247E-11 -4.83286833273373E-11 -7.25941954417004E-10  2.43721776375195E-10
  1.05825581685530E-02 -5.61814312346486E-11 -4.83166438517580E-11
* ORBITAL    1    9
  3.13822838446342E-10 -5.13810481150578E-10 -1.88595624743419E-09 -3.45685258526583E-01 -7.53664739740700E-01
  3.97890931035174E-14  1.38008360311849E-13 -1.76255068029192E-09 -2.75723574083736E-09  2.44277807517640E-07
  1.38004854342273E-15  3.19827783480863E-11 -2.16495104306676E-02  4.56462647788174E-11  2.65209520189599E-10
 -4.27335633920684E-10 -4.16973044577264E-09  3.45653579735976E-01  7.53669541793082E-01 -2.00238314397503E-13
 -8.24873837233800E-13  1.57346442378907E-09  2.80945555248684E-10 -5.06474918090517E-08  6.31698191443344E-15
  3.96770000805735E-11 -2.16540180573376E-02  4.97087948911331E-11 -7.49204875219419E-10  2.13655956464482E-09
 -1.76439392755316E-02  5.94275209689054E-11 -4.65502654672142E-12 -7.49269227536639E-10  2.13702313777773E-09
 -1.76445799257133E-02 -5.94447335419214E-11 -4.63951819944497E-12 -7.73396253580044E-10  1.34946134523173E-09
  1.76405885113504E-02  5.30499893356330E-11  3.57825198986883E-12 -7.73357621664425E-10  1.34721924610614E-09
  1.76395573346745E-02 -5.30547445438829E-11  3.57672872777092E-12
* ORBITAL    1   10
  7.34370465527232E-02 -1.18410136692432E-01 -1.60280028263269E+00  6.31525267942762E-10  1.35667543894081E-09
  1.47594676920491E-04  8.11580595727205E-04 -1.32337068120688E-01 -5.63336199765975E-01 -4.53591738103830E-16
  9.79127580749061E-06 -5.21604987979765E-03  3.77322869931338E-11  8.90620634579837E-04  7.34648233783869E-02
 -1.18482745994864E-01 -1.60419435500266E+00 -6.03712166809398E-10 -1.33506556976204E-09 -1.34501779852336E-04
 -7.26380711183446E-04  1.32292374060232E-01  5.62421789598971E-01  1.25235277452034E-17  9.37653652868233E-06
 -5.21055511216189E-03  3.97536699353730E-11  8.97395869062750E-04  1.64850641989352E-03  1.12368280677996E+00
  3.18838619996560E-11 -1.80788913420877E-03 -4.96941879815879E-03  1.58341092771380E-03  1.12559546313203E+00
  3.18850019412803E-11  1.81063754178661E-03 -4.97384604110107E-03  1.56618053010199E-03  1.12545028933017E+00
 -3.11073832735448E-11 -1.81531351886069E-03  4.97714573926097E-03  1.63700524396667E-03  1.12378118691667E+00
 -3.11055661732487E-11  1.81563311492520E-03  4.97581719953637E-03
* ORBITAL    1   11
  1.53151663056866E-04 -2.44648033203127E-04 -1.63137265676221E-03  5.93020501374703E-13  5.61506760129142E-13
  2.16323829440942E-01  7.50833184334724E-01 -2.40802193351887E-04 -1.91190822722485E-03 -5.62306530847101E-14
 -1.10930540707636E-02 -1.14028114229562E-07 -3.29029002878021E-14  9.91520668147887E-07 -1.62966550039875E-04
  2.76264336128843E-04  1.72584602313983E-03  4.47963913404045E-13  2.46719286175180E-13  2.20406965396974E-01
  7.84309152852032E-01 -2.45626074654571E-04 -1.95291636904227E-03  9.98366395045052E-14  1.06587816258044E-02
  2.08420575827932E-06  4.19912350429979E-14 -1.28743379859269E-06 -2.46924969321131E-02 -1.15170164290776E+00
  4.15246439799344E-14  5.30078854818308E-03  2.50292198518969E-03  2.47822391452784E-02  1.15642386440688E+00
 -5.39973282086663E-15  5.29670613243128E-03 -2.50512691750636E-03 -2.41769965586236E-02 -1.19106298360516E+00
 -9.42954999972838E-15  5.49155906651427E-03 -2.78682928060691E-03  2.40843955631631E-02  1.18618084399429E+00
  3.09487733739794E-14  5.49909190431310E-03  2.78648050697808E-03
* ORBITAL    1   12
 -7.72065226623280E-02  9.75838802753189E-02  1.01391634578723E+00 -1.94506526424462E-10 -3.07312657634309E-10
  3.64004290739586E-04  1.51732437125276E-03  1.18211321237106E-01  1.01913902473995E+00 -2.13425516085491E-16
 -8.92772990199881E-06  8.69586311146665E-05 -1.05325825074285E-12 -4.11354369896269E-03  7.72136709127839E-02
 -9.76388593109788E-02 -1.01388618764107E+00  2.85478703721808E-11  1.79136611533550E-10  3.76971877427979E-04
  1.67607991929040E-03  1.18207884785310E-01  1.01916698265856E+00  3.11281424440716E-16  7.70660134595229E-06
 -8.50485734309960E-05 -1.29217112123310E-11  4.11849046225170E-03 -2.62985511663557E-02 -1.29517997008424E+00
 -7.96382546015372E-12  4.18447953122384E-03  8.88946021568827E-04 -2.61620087210879E-02 -1.29069178175139E+00
 -7.96404165904979E-12 -4.14659416258159E-03  8.62902245182821E-04  2.61703237171718E-02  1.29054119663963E+00
  3.42536612124960E-12 -4.15372516854373E-03  8.65518632016327E-04  2.63085440222276E-02  1.29533521912780E+00
  3.42542779539618E-12  4.19355475464183E-03  8.94956984165895E-04
* ORBITAL    1   13
  6.53762940920687E-05 -3.26242792868785E-05 -3.51998316028668E-03  3.33518175471341E-13  4.90129361855247E-13
 -1.97799864103147E-01 -1.61683895493517E+00 -9.27703076569996E-06  1.01795496736590E-03  7.68173035914003E-14
 -2.06762578824226E-02  5.30310466387402E-06 -1.82877281306678E-15  1.25227139456594E-05 -4.83276728757485E-06
  6.55042780823378E-05  1.23474480526331E-03  4.54791454155061E-15 -2.25699095252208E-13  1.93268807517587E-01
  1.60083497180657E+00  1.12802500677780E-04  1.80704253858213E-03  9.62658501635607E-14 -2.09069372076380E-02
 -9.51210823021745E-06  2.25657295822588E-14 -1.99132818817581E-06 -2.84692827977582E-02  1.67263753865107E+00
  1.36282588210044E-14 -9.33655399023094E-03 -1.34608205022834E-02  2.83959879927421E-02 -1.67106087927218E+00
  1.23272159496311E-14 -9.30876979047229E-03  1.34584746596277E-02  2.90106898862085E-02 -1.64677058800615E+00
  1.69311781917560E-15  9.20955136037619E-03 -1.34025475423504E-02 -2.88975901530985E-02  1.64812771323378E+00
 -8.95775987121101E-15  9.22551243860305E-03  1.34127872143263E-02
* ORBITAL    1   14
  7.77169396053396E-02 -1.06302182035391E-01 -5.51086479120511E+00  3.06506291758108E-10  1.07567576643282E-10
  6.73463201141082E-05  7.36658196714186E-04  1.30814319861715E-01  3.34800732189306E+00  1.06957695817814E-17
  1.03252973253624E-05  1.77622098983799E-02 -3.48127257755715E-11  1.70712308408278E-02 -7.77128659076993E-02
  1.06390699033925E-01  5.51024036812800E+00  4.92700339379404E-10  5.12896733074651E-10 -1.00578056180100E-04
 -6.37946278562891E-04  1.30849333206133E-01  3.34815925852043E+00 -3.88855372679235E-16  7.63178708094180E-06
 -1.77651789497502E-02  2.31805910593223E-11 -1.70691036579147E-02 -1.10059536077871E-01  6.30836972342302E-02
  6.26480700756598E-12 -8.00140652414272E-03  4.57952576226053E-03 -1.10055112946498E-01  6.45531846379550E-02
  6.26481182140454E-12  8.01462546718266E-03  4.56608086319530E-03  1.10014760476551E-01 -6.27576793358997E-02
  1.57586054293877E-11  8.00726360008296E-03  4.57724071372495E-03  1.10069200368431E-01 -6.41276722340194E-02
  1.57596746063889E-11 -8.00986479108296E-03  4.56766346880241E-03
* ORBITAL    1   15
 -9.03086107382977E-02  7.74967815414658E-01 -6.43822785144978E-01  3.77072253856698E-14  4.04287365226622E-14
  4.22380744647982E-06  9.46850264510957E-07 -3.86681913351118E-01  7.74611623563756E-01  3.31819831709967E-16
  1.09687463432364E-07  4.91109993822871E-02 -3.26353767175464E-14 -6.12922950464699E-03 -9.03113759306361E-02
  7.75033983360591E-01 -6.44531503526703E-01  4.00126320926339E-13 -1.69827085128920E-13 -1.31606302470344E-05
  1.14621668311688E-05  3.86697019881941E-01 -7.74864171455702E-01  5.68260947795987E-16 -2.47516379534794E-07
  4.91222432236948E-02 -5.73267423321222E-15 -6.13271396086023E-03 -6.27714125971414E-02  1.82275498791924E-01
 -9.09995471733149E-15 -2.56379159030480E-03  3.14526947600152E-02 -6.27700916923928E-02  1.82295118825889E-01
 -9.31209336022430E-15  2.56332170910387E-03  3.14540393878466E-02 -6.27842512036415E-02  1.82392113228826E-01
  2.94309700023468E-14 -2.56207962286537E-03 -3.14498243059568E-02 -6.27718411650798E-02  1.82365864383814E-01
  2.87134919198190E-14  2.56455502319667E-03 -3.14477353067741E-02
* ORBITAL    1   16
 -8.31655948908003E-02  7.00252374016461E-01 -1.84661244920022E+00 -1.03470821999081E-12  5.53324872274351E-13
  3.52326070892571E-05 -5.16357103085930E-05  1.23012478597685E-01 -7.55821062499893E-01 -9.20642353034792E-18
  2.40566285041991E-07  2.83780603151968E-04 -5.69708608694166E-14 -6.60361420064407E-02 -8.31778215703359E-02
  7.00294744911152E-01 -1.84669194052704E+00  1.50576944353823E-12 -9.67860526348146E-13 -4.28665350903899E-05
  5.19085856103061E-05 -1.23005777668947E-01  7.55777175514917E-01  1.20521828567922E-16 -1.74586292300866E-06
  2.85035320873111E-04 -4.36936463239454E-14 -6.60395475713028E-02  4.60706393089928E-01  4.47083006320032E-01
 -1.07621370457798E-13  1.03502635030926E-02 -1.36601805602508E-02  4.60677741750781E-01  4.47136203064413E-01
 -1.07750095913948E-13 -1.03569360078849E-02 -1.36526550450019E-02  4.60595186229362E-01  4.47200836798359E-01
  1.38242566446670E-13  1.03519043860552E-02  1.36512483652669E-02  4.60614312996247E-01  4.47147097203021E-01
  1.37577003867557E-13 -1.03435526407103E-02  1.36610979234116E-02
* ORBITAL    1   17
  1.09365446418493E-05 -8.30743633991082E-05  4.52160852028023E-04  2.25071215784656E-15 -9.42010509399565E-16
 -6.93358939031952E-02  5.60800820244812E-01 -2.52002251215180E-05 -1.69965112474340E-04 -5.14281372081580E-15
 -1.01271280662814E-01 -1.62463857912610E-06  5.33155264752521E-17 -3.80257181053622E-06 -1.05994730016467E-05
  7.72281918345685E-05 -4.52984122398749E-04  3.69926558536023E-15 -5.34116372636990E-15 -6.93357825550504E-02
  5.60742239328201E-01 -3.01105949107960E-05 -1.54623713037747E-04  6.77440082577008E-14  1.01280179538814E-01
  1.33249111497719E-06 -1.16273589175586E-16  2.93130201358624E-06 -5.63036847386030E-01  1.14761016672215E-01
  3.94799434954601E-14  2.01788054752120E-03 -5.40088003519526E-02  5.63028380150548E-01 -1.14789188633791E-01
 -3.93631870121469E-14  2.00479875072822E-03  5.40103487093603E-02 -5.62994897399740E-01  1.14777756627258E-01
 -2.70344766569576E-14  2.00108107174214E-03  5.40110094975425E-02  5.63008934135147E-01 -1.14751275259492E-01
  2.74889310270423E-14  2.01407789243612E-03 -5.40068234479585E-02
* ORBITAL    1   18
  5.98795852566849E-13 -6.01976541247108E-12  3.16014069174906E-11  7.02835211046516E-01 -6.15505637279716E-01
 -2.08047895752360E-15 -1.13784735046499E-15 -5.94162917708975E-13 -5.22985309086649E-12  4.48812454223125E-09
  1.25755081797263E-15  8.18626525687555E-14 -6.31724342354369E-02  6.27436186333999E-14 -5.34190373984000E-13
  5.49032667420781E-12 -3.07649594778187E-11  7.02657283319651E-01 -6.15227987657459E-01 -4.27768502685025E-15
  9.63223399940138E-15 -8.17881270180085E-13 -5.24697655687171E-12 -2.93973861980579E-09 -1.50951030301042E-15
 -1.33241428392761E-13  6.31806113482640E-02  3.83284231128691E-14 -1.94611553106369E-12 -4.50976175244899E-12
  1.43904611303452E-02  8.77605408044533E-15  1.37818440961029E-13 -1.95260038427735E-12 -4.50412723197318E-12
  1.43901793930544E-02 -8.06506909148969E-15  1.36851118523584E-13  1.55020705125940E-12  4.47017785264813E-12
  1.43851066814969E-02 -3.94300106429238E-14  1.50608786732591E-13  1.54283366855427E-12  4.49078790406215E-12
  1.43855106099025E-02  4.08755743549052E-14  1.52401924035774E-13
* ORBITAL    1   19
 -1.12913420125481E-02  6.00380276724218E-01 -4.42005504798124E+00  2.80136060584242E-12 -2.27733435212601E-12
  6.75677317741065E-05 -8.07860494043115E-05  1.76759736896319E-01  7.78538823727264E-01 -3.90280968083683E-19
 -2.17218967701448E-05  1.50518403552176E-02 -1.86448421797912E-13 -6.89875030202654E-02  1.13046357045946E-02
 -6.00465258348295E-01  4.42027013260413E+00  3.08619476701843E-12 -2.81149182828040E-12  7.11357027908624E-05
 -8.82408060077216E-05  1.76805469430082E-01  7.78433569334912E-01 -1.37855369827765E-16  2.15340863926030E-05
 -1.50528222775570E-02  2.00222657160167E-13  6.90048438560397E-02  5.65360792173142E-01  3.72900684105724E-01
  5.20717713544119E-15  3.14413818150014E-02 -7.42671829634917E-03  5.65435345174008E-01  3.72740783319135E-01
  5.31541361671295E-15 -3.14626191827493E-02 -7.40480572884980E-03 -5.65447640234713E-01 -3.72812904514251E-01
  1.57771278655328E-15 -3.14578460672157E-02 -7.40743770506419E-03 -5.65375053136441E-01 -3.72974750854430E-01
  2.68490096858359E-15  3.14361259258241E-02 -7.43000574579613E-03
* ORBITAL    1   20
  4.52470047633741E-13 -1.90166411531158E-12  9.54702584178199E-13  7.80691782442932E-01 -1.09068951062482E+00
 -1.41879620528880E-15  6.61778853886035E-15 -1.83394605445931E-12  3.31950407014282E-12  7.97894012203380E-07
 -2.36877272721961E-16  2.41888813019531E-14  3.02550115572570E-02 -7.14665295044943E-13  7.88955923925255E-13
 -4.26922769377468E-12  1.19939175304671E-11 -7.80862303193095E-01  1.09083187673239E+00  5.39539392525167E-15
 -1.33523503780218E-14  1.81263404108139E-12 -8.58765580794475E-13  3.04586484426098E-08  8.27695464127530E-16
  1.30094537288327E-13  3.02332298074494E-02 -8.19474962343558E-13  2.42609151494894E-12 -3.22436691331401E-12
  3.18381613892649E-02  5.05102726595969E-13  6.25133782079116E-14  2.42727485986011E-12 -3.22013557605763E-12
  3.18355657203019E-02 -5.04826394820588E-13  6.21699212144917E-14  2.61367613465361E-12 -5.06171426820440E-12
 -3.18368226136120E-02  5.97607892729491E-13 -1.47039697988200E-13  2.61769875142476E-12 -5.08136263431180E-12
 -3.18398681779157E-02 -5.99268913711866E-13 -1.48743622150507E-13
* ORBITAL    1   21
 -1.51723832194735E-01  8.13652785743242E-01 -1.68394734214579E+00  3.67520807038135E-12 -4.93985113730970E-12
  1.89317802507193E-04 -6.88231272641455E-04  4.06117891948179E-01 -5.78452545681839E-01 -1.24765791522704E-16
 -3.03363357092983E-06  1.34619862518259E-02  5.82828319466804E-14  1.05279148659747E-01 -1.57877871276308E-01
  8.50847312989588E-01 -1.80141870564373E+00 -3.95165497313831E-12  5.14921207352598E-12 -3.38856732966104E-04
  9.49222488087611E-04 -4.10601343799122E-01  5.73966781793435E-01 -1.01179595826908E-16 -3.47781748819055E-05
  1.29743344969837E-02  2.84158604164942E-14  1.07579263543570E-01 -4.20568166869593E-01  9.09472389140986E-01
  2.28676653291351E-13 -1.21497881877628E-01 -3.10174189218279E-02 -4.20584886541258E-01  9.08872146338982E-01
  2.28485327567453E-13  1.21452325411920E-01 -3.09518942555603E-02 -4.29292769202415E-01  9.42361695912877E-01
 -2.47076196043101E-13 -1.24288164908715E-01  3.24107799063995E-02 -4.29349044711879E-01  9.43400162825486E-01
 -2.47869306163567E-13  1.24380005736292E-01  3.25034867472511E-02
* ORBITAL    1   22
 -2.22753667679961E-01  1.34526323431075E+00 -4.22090723175108E+00  1.00277812231625E-12 -6.79491866167754E-13
  1.28949027069207E-03 -2.27593398219894E-03  1.70720416012631E-01  1.36694404712819E-01 -5.10179058589873E-16
 -2.84618656004573E-04 -1.66155281828043E-02 -2.66718238222557E-13  8.40467319261778E-02  2.18431165349950E-01
 -1.32202388813279E+00  4.17227518819470E+00  2.02045574967279E-12 -1.99008051143799E-12  1.29560537084307E-03
 -2.29829742868044E-03  1.59363214788389E-01  1.52760829955200E-01  2.72866441328617E-16  2.84086458285179E-04
  1.70032783287418E-02  2.06489833345698E-13 -8.10847776309773E-02 -3.19272045531994E-01  1.22643631864470E+00
  7.02082183337716E-14 -1.05029790749290E-01 -5.34667862211491E-02 -3.18601610756183E-01  1.22254659051404E+00
  7.03590788673716E-14  1.04622670656765E-01 -5.32257644614489E-02  3.06808645545875E-01 -1.19674130711847E+00
  1.23058371904270E-13  1.01191842926030E-01 -5.23313474452287E-02  3.07473611899184E-01 -1.20064576010676E+00
  1.24455688528778E-13 -1.01599605204943E-01 -5.25734990804058E-02
* ORBITAL    1   23
 -4.12801982351266E-04  2.57020305788470E-03 -8.52210446422566E-03  6.39511600592256E-16 -1.19383211663817E-15
 -6.75907085408308E-01  1.22603442142264E+00  2.49128622305187E-04  4.31656409756769E-04  9.85493962747510E-14
  1.42548569007399E-01 -4.13917259020762E-05 -5.79495701161723E-17  1.33060947723002E-04  4.38960562620272E-04
 -2.72124861503042E-03  8.84960476185879E-03 -1.39855752685244E-15  2.38686475087644E-15 -6.75805645354931E-01
  1.22579644809081E+00  3.17209383307198E-04  3.30776934393069E-04 -1.21906134406154E-13 -1.42548384309747E-01
  4.01399304398541E-05  1.89486424969915E-16 -1.51486467124650E-04  1.64692458516082E-01 -1.04359319863472E+00
 -4.29650294862857E-14  1.06727588392263E-01  5.76889323772763E-02 -1.65705740872660E-01  1.04828922653338E+00
  4.32622106723533E-14  1.07070159673862E-01 -5.79025885849585E-02  1.65737821628301E-01 -1.04831356380587E+00
  5.15943586480664E-14  1.07083337105480E-01 -5.78951147025578E-02 -1.64593147900241E-01  1.04327752093262E+00
 -5.17289009492944E-14  1.06702427693014E-01  5.76759411370986E-02
* ORBITAL    1   24
  5.33211384169234E-05 -3.07833936329560E-04  6.66876365299709E-04  1.09292811314264E-15 -2.36610898365749E-15
  7.22696156957703E-01 -2.11010313548833E+00 -1.46128344387832E-04  2.59937235003199E-04 -1.65825639617755E-13
 -6.51266755119960E-02 -6.40439909062065E-06  3.85609674003656E-17 -3.06706000401931E-05  5.85480641442699E-05
 -3.41592491786520E-04  8.17806182031192E-04 -3.77445833779950E-15  4.35933537103763E-15 -7.22777862696635E-01
  2.11025973829051E+00  1.37620732117889E-04 -2.19261515193795E-04 -2.07652403201511E-13 -6.51513706379444E-02
 -3.71077858593339E-06  1.80690138625618E-16 -3.10870213370045E-05 -1.50060228097880E-01  1.26012975595638E+00
  5.64452387084092E-14 -9.56986660632514E-02 -1.15944354616044E-01  1.50328864832549E-01 -1.26087494750996E+00
 -5.62902464544037E-14 -9.57746583743907E-02  1.15970130367763E-01  1.50349512539287E-01 -1.26103588252691E+00
  5.21626686910268E-14  9.57951081775704E-02 -1.15978401468224E-01 -1.50076509361612E-01  1.26024447834090E+00
 -5.28892218348319E-14  9.57192826883406E-02  1.15949225930465E-01
* ORBITAL    1   25
 -1.14929638995927E-01  6.40508935344232E-01 -4.45522252081842E+00  2.49075843803702E-13 -1.46262395671444E-13
  3.31635562570330E-05 -7.38715063535456E-05 -8.13674734117538E-01  2.73875129076975E+00  1.81871551935696E-17
 -4.28634102005045E-06 -1.80534786249792E-01  2.02420197477214E-13 -3.69327907836321E-02  1.14908490178894E-01
 -6.40406685715576E-01  4.45499624290651E+00  6.17290888510536E-13 -5.57826403885780E-13  4.19694875102684E-05
 -7.96308972333233E-05 -8.13716318654476E-01  2.73881508112973E+00  2.48244855827014E-16  6.11871603419390E-06
  1.80559997738580E-01 -2.69778736197476E-13  3.69551766598334E-02  7.84682122100044E-02 -1.65363457905493E-01
  5.03032316225629E-14  7.26291729432357E-02 -5.77006859514294E-02  7.84734167358944E-02 -1.65484207328343E-01
  5.07130078181937E-14 -7.26403644087775E-02 -5.77019515315422E-02 -7.85236091861787E-02  1.65613914271623E-01
  7.60270472385992E-14 -7.26693822825846E-02 -5.76837013389438E-02 -7.84984592352436E-02  1.65463750459810E-01
  7.66293931921182E-14  7.26556737385898E-02 -5.76869689857765E-02
* ORBITAL    1   26
  7.65708670630232E-06 -5.27742448148000E-05  1.44721746298636E-04 -3.76065790204776E-16 -3.55095934880647E-16
  1.27928318988109E-01 -3.05575853972463E+00 -1.37519367409206E-05  2.65023413202934E-05  3.65626787998490E-13
  1.16744628180962E-01  2.46637332452364E-07  3.28537688658531E-16  8.76444694113281E-07  7.79596769988955E-06
 -5.58239961649509E-05  1.35028219402417E-04  7.34053154494164E-17 -2.05916671314867E-17 -1.27927470234768E-01
  3.05576017040689E+00  2.22615423859950E-05 -5.27973442254883E-05  4.37221035605519E-13  1.16767002986173E-01
 -1.41468901143197E-06 -5.33124984443830E-16  3.35651183120309E-07  7.82455215966201E-01  8.99958394765547E-01
  2.72917166902985E-13 -4.71006315271802E-02  1.24813918426545E-01 -7.82424248377029E-01 -9.00090735085636E-01
 -2.72105695805982E-13 -4.71010278997866E-02 -1.24804280904526E-01 -7.82424006417746E-01 -9.00103499287742E-01
  3.36106754500347E-13  4.71055388699185E-02  1.24809123463122E-01  7.82458476121487E-01  8.99946856336388E-01
 -3.36135500882497E-13  4.71045741647553E-02 -1.24818191428843E-01
* ORBITAL    1   27
 -4.64885456543590E-17  7.71849919975391E-17 -1.02740422882074E-14 -2.23418438924355E-06  2.27422901628713E-06
 -1.47383694198074E-14  2.26586449299032E-12  3.74490459164396E-16  4.02750962934772E-15  3.29807735681404E-01
 -1.77502471293471E-13  2.45095693820326E-16  1.24938298639162E-06 -9.52178614248158E-17  4.32945339654636E-16
 -3.28566062348666E-15  1.41967443966635E-14  2.62535995959063E-06 -2.98318734700833E-06 -1.07989580690264E-14
 -2.35735487766468E-12 -9.51252065665883E-17  5.13804911533828E-15  3.29818257938900E-01 -1.76534374235117E-13
  2.85236547151393E-16 -6.55675124086857E-07 -1.53496995681585E-16 -5.83279118196162E-13 -7.02785369862912E-13
  3.51601315351417E-01  1.50723448232791E-13 -2.50088161204542E-13  5.83403352367731E-13  7.03567231618077E-13
 -3.51597356137296E-01  1.51026600196429E-13  2.50128811902129E-13  6.36390574638409E-13  7.37654468622043E-13
  3.51573937074634E-01 -1.44110663333082E-13 -2.58450220402320E-13 -6.36345267214275E-13 -7.40816533737975E-13
 -3.51574819387409E-01 -1.43971515505508E-13  2.58228996256295E-13
* ORBITAL    1   28
  1.47620920011225E-16 -4.86270813712715E-16 -5.30807857033354E-15 -2.59280851197428E-07  1.53489092735114E-06
 -3.82827726033956E-14  4.27037183557143E-13  2.86098673887036E-16  2.45924879172534E-15 -2.59875991863406E-01
  1.34200570239250E-13  2.52210409974304E-16 -4.62986460742558E-06 -2.13643323974923E-16  3.01578101786605E-16
 -1.79822440978033E-15  8.43273700122410E-15 -6.70158879020791E-07  1.31728965100422E-06 -5.74682444194352E-14
 -1.11995951113835E-13  2.35763168347201E-16  2.42410412929353E-15  2.59907342052734E-01 -1.50385811227815E-13
  2.74808455044264E-16  4.52767505031844E-06 -3.42654626101022E-16 -2.03953291769963E-13 -7.78360084716587E-14
 -3.99551265481970E-01 -9.60071962441020E-14  1.35925150338945E-14  2.04184371022535E-13  7.79929584742636E-14
  3.99543006102777E-01 -9.58939702574204E-14 -1.35743636395692E-14 -5.10710265701555E-14  7.79055249537881E-14
  3.99544517828314E-01 -9.77117182266363E-14 -4.14823101380072E-14  5.06303737332830E-14 -8.00302237704601E-14
 -3.99551818045860E-01 -9.74694433181817E-14  4.15377564415271E-14
* ORBITAL    1   29
  2.40438235887747E-14 -1.93313677109705E-13  2.05023424780947E-12  7.59248985432203E-02 -1.28804218657827E-01
  5.26226877711321E-17  2.17947668480757E-15  2.80123489242761E-13 -1.05553743200509E-12 -4.39873263398095E-06
 -2.37743764031608E-16  1.47429173733893E-13  4.21049397482212E-01 -7.08116793981485E-14 -3.24005809667104E-14
  1.63794492231578E-13 -1.81836195152948E-12  7.59286702618031E-02 -1.28822909093975E-01 -1.12220251858851E-16
 -3.15505115666215E-15  3.25967827665827E-13 -1.19663585409017E-12  2.27605830195241E-06  4.72046951828299E-17
 -1.66948078875891E-13 -4.21091414301632E-01 -1.30193267495811E-15 -1.23877940691214E-13  3.55684995561154E-15
  3.04700985670004E-01 -6.62947992821336E-14  5.13202679341939E-14 -1.23060500942423E-13  4.61213019559390E-15
  3.04711323319418E-01  6.60668791501752E-14  5.12183785327127E-14  3.66463981985958E-14 -5.93837469540384E-14
  3.04706792696241E-01  6.89070485090427E-14  1.16119470780721E-13  3.38758305708436E-14 -6.07298152476098E-14
  3.04699100470430E-01 -6.82245396169185E-14  1.16408645698575E-13
* ORBITAL    1   30
  2.65595326985204E-06 -1.93907247979865E-05  8.04053134205504E-06 -3.89782530864343E-16 -5.00904891736996E-16
  7.38053331953432E-02 -1.87051690396205E+00  3.86104195689980E-06 -2.42841580998322E-05 -6.28409271809263E-14
 -5.14237730428556E-02  7.06872534856783E-06  2.26271952527597E-16  1.37085665398062E-05  2.69417398902374E-06
 -2.04095318483995E-05  1.65473366035168E-05  1.47002859185988E-16  1.49114244541708E-16 -7.37420014201413E-02
  1.87029697539750E+00 -1.62842271985640E-06  2.56257878311382E-05 -5.24521874770331E-14 -5.13630315470505E-02
  6.88718129798125E-06  1.68323520526882E-16  1.40004292229439E-05  4.68637004002192E-01  5.78279592349018E-01
 -1.55928763272661E-13  3.53481305450427E-01 -3.45063289974599E-01 -4.68606938050821E-01 -5.78298413250151E-01
  1.57092933361326E-13  3.53491708769397E-01  3.45100551064184E-01 -4.68520206904341E-01 -5.78223514298378E-01
 -1.57094306219554E-13 -3.53333362242301E-01 -3.44981103940121E-01  4.68552279810675E-01  5.78199538702477E-01
  1.57203557013160E-13 -3.53321163495274E-01  3.44941684185420E-01
* ORBITAL    1   31
  2.68647479467564E-06 -2.33060109392314E-05  3.45421962464335E-05  3.76638316827218E-16  1.24428853953331E-16
  1.45616082816452E-01 -5.51579540343527E-01  1.68650996542770E-05 -1.66422753740779E-04 -2.26924323158139E-14
 -1.71061511678011E-01  2.91913156327923E-05  1.68678766932509E-16  6.06755219968073E-05  1.73180983470130E-06
 -4.47935591921634E-06 -2.13674203438885E-04  2.26165419008118E-16 -8.83470339910329E-17  1.45649639434812E-01
 -5.52437631439138E-01 -4.73453792597600E-05  9.40922771839244E-05  1.90815096130473E-14  1.71092569117097E-01
  2.73406232258788E-05 -4.07835067219537E-16  4.45606028464740E-05  2.34035275549702E-01  1.86791631818334E-01
 -1.40801848710436E-13  3.92315469074567E-01 -2.86580567015165E-01 -2.33931362648462E-01 -1.86785997800258E-01
  1.40042784107343E-13  3.92347240778486E-01  2.86750668335598E-01  2.34228227741960E-01  1.87121663481171E-01
  1.33749090998372E-13  3.92464403276217E-01  2.86747310053535E-01 -2.34162427245235E-01 -1.87010242876408E-01
 -1.34829126511844E-13  3.92471258306192E-01 -2.86857904894325E-01
* ORBITAL    1   32
  1.45701906181990E-02 -9.84128598157736E-02 -4.98103922330672E-01  2.04949213583860E-14 -4.02265117682449E-13
 -3.84574887931828E-05  2.34304604315329E-04  1.83294359044407E-01 -7.55934858900124E-01 -5.27156123514415E-17
  3.02078265963492E-05  1.71372293522489E-01  8.56927131818203E-14  2.96434783856496E-01  1.45701628595102E-02
 -9.84034789048407E-02 -4.98247374553323E-01 -2.31422882219064E-14  3.63219760693038E-13 -1.60999093324076E-05
 -3.62573377811735E-05 -1.83290185981378E-01  7.55879022906630E-01 -2.56076885803364E-17 -2.78996326539751E-05
  1.71380012853420E-01  3.45599040975434E-14  2.96462494916374E-01  2.45504658172366E-01  1.62348904739196E-01
  3.26022440001777E-13 -6.16862612661455E-02  4.05018369375386E-01  2.45637085334525E-01  1.62522171853648E-01
  3.26215086314070E-13  6.15152554683002E-02  4.04890468833502E-01  2.45579113522534E-01  1.62452085080942E-01
 -2.47572324781368E-13 -6.16475224155552E-02 -4.04976338820281E-01  2.45606817623416E-01  1.62420521127447E-01
 -2.47373389805675E-13  6.15451805708192E-02 -4.04906129454353E-01
* ORBITAL    1   33
 -7.63308342774854E-14  7.63001398664340E-13 -8.46062549777296E-13 -1.64536495307509E-01 -5.32972149886605E-01
 -1.70607212912711E-16  2.23918180700660E-15 -1.06759119683270E-13  1.34313709664710E-12 -2.72484306320707E-06
 -1.75055400910151E-16 -6.24198379012098E-13  1.53053853441053E-01  2.78285264679133E-13 -1.25459071822728E-13
  1.10865648901732E-12  4.34819200247640E-13  1.64524537260699E-01  5.32958954939453E-01  5.39520532100915E-16
 -2.28619378298997E-15  2.03236573597234E-13 -1.94789981549448E-13 -3.19254004047804E-06  2.24837337239683E-16
 -5.81469734140930E-13  1.53075080024936E-01  4.86668990220263E-13 -6.91780363093718E-14 -1.49385208711917E-13
  5.40056081025035E-01  4.37126082651410E-13 -4.63470657632464E-13 -6.82393944290506E-14 -1.48039915443707E-13
  5.40055733396564E-01 -4.37474664538141E-13 -4.63997279050697E-13  7.61836868605962E-14 -1.07765818769435E-13
 -5.40027132253343E-01  4.23361347780987E-13  9.06822293682145E-14  7.53693461330969E-14 -1.09033405545638E-13
 -5.40028899609115E-01 -4.22925167717482E-13  9.07634614004997E-14
* ORBITAL    1   34
  7.86577021057859E-02 -4.93186343404422E-01 -1.72335513941163E+00  8.12444986338611E-14  3.12138403320067E-13
  1.69528813675124E-05 -2.81353249011520E-05  1.88362992983819E-01  1.51289094951629E+00  3.97567273966970E-16
 -1.29973974928120E-05 -5.22364168398057E-02  1.97665934271445E-13 -2.47209237626377E-01 -7.86750537253540E-02
  4.93359550986656E-01  1.72326738552824E+00 -8.63114129117102E-14 -7.25470193945852E-14  1.74474519174686E-05
 -3.22857617360208E-05  1.88377320971755E-01  1.51279728749082E+00  8.75007872151243E-16  1.34902690331761E-05
  5.21318062767387E-02 -2.64680272700926E-13  2.47339907295704E-01 -1.52146072495026E-01 -6.80268049162902E-02
 -3.80032337240551E-13  4.20885681052819E-02 -4.89107367626019E-01 -1.52159537092188E-01 -6.80560589886167E-02
 -3.79388500309203E-13 -4.20580313721957E-02 -4.89113564547912E-01  1.52182709338936E-01  6.80512349764974E-02
  4.72910690005170E-14 -4.19715999893653E-02 -4.89085810939453E-01  1.52167281442963E-01  6.80195170176395E-02
  4.81747543299146E-14  4.20038575748790E-02 -4.89080644361164E-01
* ORBITAL    1   35
 -2.40417439680533E-06  1.57250079922292E-05  2.79726106259851E-05  5.38022342359969E-16  3.59999573148506E-16
  9.49022563817422E-02  1.19211697649157E-01 -2.19555301220910E-06 -3.99006683161567E-05  7.66683815635217E-14
 -4.14274856297259E-01  2.81605286607918E-06  6.00557634114467E-16  4.38480002780098E-06  3.08045688271495E-06
 -2.20255631827687E-05 -2.21805959200037E-05  6.12860134485683E-17  1.01576088963265E-16  9.49099330662425E-02
  1.19181883454462E-01 -2.01842445464865E-06 -3.84060382856926E-05  1.29571745770062E-14  4.14308770317396E-01
  7.07338181766678E-08 -6.72804767049838E-16 -8.21992800623899E-06  1.33577827765375E-01 -2.33822295033277E-01
 -1.37915423239859E-13  6.43279102449085E-02  4.01176507461138E-01 -1.33573116240574E-01  2.33836882146866E-01
  1.35746966739251E-13  6.43287573505579E-02 -4.01151133333813E-01  1.33591909066025E-01 -2.33835289360635E-01
  6.89787012796714E-14  6.43188426232388E-02 -4.01170347004439E-01 -1.33597267097051E-01  2.33817698825753E-01
 -7.03004061342641E-14  6.43228146968388E-02  4.01194901443323E-01
* ORBITAL    1   36
 -6.75216811041823E-02  6.05986612554114E-01 -2.86576758214068E-01  5.32274015687606E-13  5.71905930705893E-13
  1.25474846297400E-07 -7.20947624332532E-06 -3.63447299519768E-02  2.92189392907295E-01  1.70311505487360E-16
 -1.52654765079847E-06 -3.61451162216916E-01 -1.15644644777378E-13  4.38893687641572E-01 -6.74892449692100E-02
  6.05822409529077E-01 -2.87323286775501E-01 -5.73937881637842E-13 -5.44794685929198E-13 -3.46274665672892E-06
  1.70734852647546E-05  3.62164034612934E-02 -2.92778854029011E-01  1.98586438181735E-16  1.65857495376044E-06
 -3.61501333121347E-01 -2.01478648047774E-13  4.38847261592918E-01  4.95843832922906E-02 -1.89191229038224E-02
 -7.48791428771734E-13  2.69142460395467E-01 -7.72244754331994E-02  4.95805293570963E-02 -1.89216781253468E-02
 -7.48530921422096E-13 -2.69143032037484E-01 -7.72287678325689E-02  4.95432084353189E-02 -1.89660217051528E-02
  6.99445815286514E-13  2.69192219486865E-01  7.73768904018287E-02  4.95457635826812E-02 -1.89471012696297E-02
  6.98419927521295E-13 -2.69197179508618E-01  7.73824593476719E-02
* ORBITAL    1   37
  3.10865671725745E-14  1.37462863544206E-13 -4.49940761883146E-12 -2.13197644965669E-01 -1.33237874463891E-01
  3.81368967284660E-16  3.37919831608395E-16  5.18086435807130E-13  2.91564841298677E-12 -6.95059656593451E-07
 -7.76394053268627E-16 -3.68516781291746E-13 -4.90640018362782E-01  2.96201412224711E-13 -3.52358472165323E-14
 -7.29936457373258E-14  4.47602213345771E-12 -2.13198356665910E-01 -1.33253990544897E-01  1.84598761218305E-16
 -4.47518659752721E-16  5.14917879765005E-13  2.84224096159442E-12  8.78448470992782E-07  7.50932317337233E-16
  3.29633483998401E-13  4.90709293519777E-01 -2.36929953104973E-13  2.96731073043871E-14 -2.54181027470095E-13
  4.70419722894817E-01  5.92315390209952E-13 -3.54756258369919E-13  2.93645176432376E-14 -2.53361423922477E-13
  4.70419924147304E-01 -5.91458197609986E-13 -3.56080183532203E-13 -3.01929082505421E-14  2.47464289041289E-13
  4.70466170348695E-01 -5.58501591267452E-13 -3.09102334662165E-13 -3.09771677297075E-14  2.47712357377509E-13
  4.70466408973728E-01  5.59621078522331E-13 -3.08691152575449E-13
* ORBITAL    1   38
  2.65003349655058E-17  4.97113027995233E-16 -3.86535733282804E-16  4.04341369537423E-08 -2.91822941449348E-06
 -4.90062373827239E-13 -2.96732087732255E-13  1.81891077847416E-15  2.93669866323947E-16  6.68217920643571E-01
  7.92277103966165E-14 -1.23919912447500E-16  8.64021821580429E-07  9.02002432186449E-16 -1.51598033809348E-16
  8.90298523011818E-17  4.22805296183801E-16 -1.62115114709522E-08  2.83397667933424E-06  4.45845430712513E-13
  2.60318234619023E-13  2.26770037617771E-16  4.24605010638399E-16  6.68348688658016E-01  6.46396064200545E-15
  9.10859341884986E-16  3.25955972181188E-07 -1.01429366080517E-15  9.36385320749607E-14  3.52715458155591E-13
 -4.21588846655997E-01 -3.94853080019338E-13 -4.10064574072380E-13 -9.38182736361793E-14 -3.53239537465592E-13
  4.21592439773059E-01 -3.97074290607883E-13  4.10235552620428E-13 -9.06161152868836E-14 -3.16495784053907E-13
 -4.21672917099251E-01  3.91688204279074E-13 -3.59195265597444E-13  9.02259312425807E-14  3.17224110953994E-13
  4.21669478830642E-01  3.92364041495825E-13  3.59998382804478E-13
* ORBITAL    1   39
 -2.61029556424958E-02  3.66604402646030E-01 -2.99071494514559E+00  3.22571213753876E-13  5.41848594649650E-14
  1.11211930794278E-05 -1.05645496513841E-05  5.37886307283521E-01  1.79963461453271E+00 -1.20623589999401E-15
  5.56925310913690E-06 -2.35504876976748E-01  5.64144532177036E-13  3.54018254052629E-01  2.60988732139474E-02
 -3.66575078737354E-01  2.99070959625241E+00  3.62455460759284E-13  6.15424542756315E-14  1.32413661282608E-05
 -1.76809723437933E-05  5.37875953007877E-01  1.79962246634076E+00 -1.13525008018080E-15 -4.89357519330058E-06
  2.35508125676236E-01 -5.69187191330404E-13 -3.53957155690083E-01 -6.16297147106307E-02 -1.57282874232979E-01
 -4.55304653133477E-13  5.08559233530864E-01 -1.28306151615891E-01 -6.16204811403843E-02 -1.57304213924169E-01
 -4.56929534609034E-13 -5.08546943866337E-01 -1.28305330282243E-01  6.16321752046112E-02  1.57299417647648E-01
 -4.77713633611248E-13 -5.08516613309972E-01 -1.28289911740709E-01  6.16398889486880E-02  1.57272294215360E-01
 -4.79035701188881E-13  5.08531288073611E-01 -1.28289467658000E-01
* ORBITAL    1   40
  1.39328678633990E-06 -9.04524964415721E-06  9.58906023900642E-06 -3.16457459017567E-17  6.78867331592031E-17
 -7.70107554670134E-01 -4.98614030185047E-01 -1.10369764331348E-05 -9.53210576230032E-08 -6.31215186996559E-13
  1.58339327855976E-01 -1.01270342304660E-05 -5.73380039266916E-16  6.93862798378571E-07  1.41099387914954E-06
 -8.86456452118584E-06  2.40686084420709E-06 -1.38306916498362E-16 -1.32884686549859E-16  7.70114637076083E-01
  4.98602881264065E-01  9.68616661670390E-06 -5.91262939383322E-06 -4.01315169030995E-13  1.58319931590285E-01
 -1.10188413768583E-05 -2.92853621612573E-16  1.28869121957840E-06  2.71330275874970E-01  4.07925025915255E-01
  3.92125294352159E-13 -4.12523038569819E-01 -4.71647068682688E-01 -2.71319892015963E-01 -4.07931278292498E-01
 -3.91967378297674E-13 -4.12503137165415E-01  4.71650360296217E-01 -2.71331262785103E-01 -4.07914594394052E-01
  2.73686262981891E-13  4.12505345441603E-01 -4.71641048196323E-01  2.71341172040469E-01  4.07905837858512E-01
 -2.73648734354249E-13  4.12522798670451E-01  4.71638770012362E-01
* ORBITAL    1   41
  1.64327241407210E-02 -4.13744377102300E-02 -4.98844641048583E-01 -1.80356396823731E-13 -1.46466837406594E-13
  8.05859209781414E-06  4.43745060929341E-05 -3.46130697207150E-01 -2.10866214161985E-01  1.07568700608284E-14
 -6.10733266300511E-06 -5.94067236032362E-01  2.10476471904527E-12 -9.68384848568642E-02  1.64418401855763E-02
 -4.14342905858008E-02 -4.98526061719539E-01  1.50674619011994E-13  1.42966215059329E-13 -1.09255095340153E-05
 -4.39596886140785E-05  3.46093918756143E-01  2.11009290903776E-01 -9.64259070306082E-15 -4.49483708394175E-06
 -5.94117182404660E-01  2.11488763299890E-12 -9.68832766185544E-02  1.10318451711511E-01  2.27422476483288E-01
 -5.06560959642005E-13 -4.07990820734356E-01  2.67551204322253E-01  1.10332996819612E-01  2.27473744518459E-01
 -4.95652022136803E-13  4.08000273498600E-01  2.67533308927718E-01  1.10320191333358E-01  2.27459934478452E-01
  5.14684906507485E-13 -4.08019862876862E-01 -2.67568838297092E-01  1.10302989672181E-01  2.27409189128409E-01
  5.04935883154337E-13  4.08007232860350E-01 -2.67588589256885E-01
* ORBITAL    1   42
  1.41334862406117E-15 -3.05657269673302E-15 -5.28872938184961E-15  1.44019867725885E-07 -7.31118920245288E-07
  5.34303996497600E-13  3.94615506173035E-13 -5.30872427259582E-15 -4.23969225774600E-15 -7.72936047547665E-01
  3.73164874485805E-13 -8.32411414254657E-15  1.16876585877321E-06 -1.25723418599045E-15 -1.01705157919393E-15
  2.89571130879712E-15 -8.06899185448459E-15 -7.29278299604376E-08  1.12941034898570E-06  2.66332713307190E-13
  1.72845887720475E-13  3.38139545904988E-15  1.27142322918178E-15  7.72807943403840E-01 -4.01579172911732E-13
 -7.66389740796704E-15  7.25604858669289E-07 -1.59902483373505E-15 -3.53996127866606E-13 -2.90649470787997E-13
  3.86740097240776E-01  4.41474173235718E-13  3.24941348872463E-13  3.54195691659244E-13  2.96149269472518E-13
 -3.86740966799025E-01  4.51938576327958E-13 -3.17095879142440E-13 -2.22465771958095E-13 -1.48641531884386E-13
 -3.86674865939845E-01  3.12679645423571E-13 -1.84040437969843E-13  2.27283404925496E-13  1.55293002685880E-13
  3.86673787787622E-01  3.22849420809946E-13  1.77166872018262E-13
* ORBITAL    1   43
 -3.71427877674831E-14  2.53714015130542E-14  1.01015720717407E-12 -9.79426192783420E-02 -4.90422990620614E-02
  3.66510377417289E-16 -4.90912593315831E-16  7.83643167080266E-13  4.17867581675982E-13  6.86075313742402E-07
  1.39099003497958E-16  1.40647398586695E-12  9.05928089021085E-01  3.55705539469345E-13 -2.49951704598501E-14
 -3.15147429688935E-14  1.00405591651103E-12  9.79607671471522E-02  4.90478809773865E-02 -3.13777972997432E-16
  2.53292048171344E-16 -7.91870043080666E-13 -4.25002097762097E-13 -8.03199492553474E-07  2.02185637817144E-16
  1.46842815054946E-12  9.05867333487768E-01  3.63601942815471E-13 -2.10980675838226E-13 -4.55199128051537E-13
 -2.11942497288700E-01  8.20146777710445E-13 -6.79004909656874E-13 -2.12624540514228E-13 -4.56536421744288E-13
 -2.11941836533259E-01 -8.20622941472516E-13 -6.78493998554503E-13 -1.94481312130864E-13 -4.52777587195810E-13
  2.11915768690372E-01  8.11723291873894E-13  7.20961074567818E-13 -1.93076840150571E-13 -4.51749873224914E-13
  2.11914966999253E-01 -8.11076421707075E-13  7.21238963568023E-13
* ORBITAL    1   44
  1.50041161738788E-01 -9.89223109834989E-01 -4.23485859923153E-01  2.91120958440242E-14 -1.03166604598295E-14
  3.06706062423393E-06  3.14123032458255E-05 -5.18326577954628E-01 -1.82849795529030E-01 -1.47036765734573E-16
 -2.09118699654258E-06  1.83701131592279E-01 -1.47336893112792E-13  7.02776131910321E-01  1.50060898811607E-01
 -9.89327100715209E-01 -4.24090314031502E-01 -2.34261977728698E-14  1.12121147045046E-14  4.60034170425138E-06
 -3.12222705925103E-05  5.18511573675381E-01  1.82708163410194E-01  3.55459144746536E-16 -7.61842828237492E-06
  1.83812896512301E-01 -1.61596122435742E-13  7.03016686729621E-01  6.45765953506651E-01  1.96935171774884E-01
  6.52936376504214E-14 -5.89957712988489E-01 -4.76681950787770E-01  6.45776242009163E-01  1.96969606569453E-01
  6.52176015110895E-14  5.89961883963239E-01 -4.76690130008123E-01  6.45954486798497E-01  1.97046295494113E-01
 -7.20016916815100E-14 -5.90074627822750E-01  4.76831160212529E-01  6.45954593499121E-01  1.97010570882494E-01
 -7.15464706270400E-14  5.90080131489470E-01  4.76828340342501E-01
* ORBITAL    1   45
 -1.04134642866348E-04  5.91464043054122E-04  5.95843120138769E-04 -5.19595681577761E-17  6.91706611819683E-17
  9.37607838544763E-01  4.60320855822810E-01 -1.82707781589955E-04 -1.38610258033190E-04  4.15347444398829E-13
  7.82231398606521E-01  4.93698554328145E-04  4.86812185330049E-17 -1.94755376040640E-04  1.02939673245451E-04
 -5.83980909695583E-04 -5.93280989021618E-04 -6.14377556033718E-17  7.30230394460640E-17  9.37664653590021E-01
  4.60396311380689E-01 -1.85632682021466E-04 -1.38511837411378E-04 -4.17566675842683E-13 -7.82369229484111E-01
 -4.96674809949420E-04 -4.58373215444301E-19  1.90510431743103E-04 -7.05711791070896E-01 -3.15993969396398E-01
 -1.88932976732151E-13  6.36501245259753E-01  4.17746446595673E-01  7.05317918383709E-01  3.15806219121573E-01
  1.88868925295078E-13  6.36021571735023E-01 -4.17678094776165E-01 -7.05410425347006E-01 -3.15820243509289E-01
  1.91621692300128E-13  6.36087178215218E-01 -4.17694619759244E-01  7.05796178225752E-01  3.16004629056270E-01
 -1.91639535880032E-13  6.36559371448929E-01  4.17753503211780E-01
* ORBITAL    1   46
  1.89976590023741E-01 -1.07280755639106E+00 -1.07700561356603E+00  4.14503863177523E-14 -1.61916681486342E-14
  4.93371727883335E-04  2.55067065392863E-04  3.72498016949336E-01  1.87278341862845E-01  3.97473619192387E-16
  4.15283522442984E-04 -9.53428920173694E-01  3.19325216604297E-14  3.26786567103952E-01 -1.89969323237495E-01
  1.07275693582042E+00  1.07699115003388E+00  5.56406663484829E-14 -1.45360099584571E-14  4.93462419062538E-04
  2.60153439205214E-04  3.72528321728356E-01  1.87290355923602E-01 -7.04644136386755E-16 -4.15785140826162E-04
  9.53407087273077E-01 -5.94236601156932E-14 -3.26757750078707E-01  3.42498581204665E-01  2.07008564817600E-01
 -2.25783243275701E-15 -4.41091133324074E-01 -3.28650719080002E-02  3.43247277590881E-01  2.07364384629534E-01
 -1.95863841122214E-15  4.41764130781129E-01 -3.33111666614533E-02 -3.43221860362561E-01 -2.07356621244631E-01
 -7.52144675573569E-15  4.41733231756454E-01 -3.33025033203903E-02 -3.42471260567265E-01 -2.06995763801454E-01
 -8.26652758411215E-15 -4.41059829262566E-01 -3.28557265994388E-02
* ORBITAL    1   47
 -7.71689935881069E-02  4.27567932276377E-01  1.37190878414823E+00 -1.36140582416155E-14  2.00804957753510E-14
 -1.70742897046742E-05 -2.04232273186652E-05  7.32593509249847E-01 -1.71833329945838E-01  5.80581524526949E-17
 -1.70883701958392E-05 -5.80019056936879E-01 -2.26524386111418E-14 -8.41064531852019E-01  7.71271910432101E-02
 -4.27291251012262E-01 -1.37182191992767E+00 -2.28491922010458E-14  1.68851072290560E-14 -1.73650114319563E-05
 -2.35503353976648E-05  7.32473979878524E-01 -1.71883462216621E-01 -2.71338903327546E-17  1.83983781243768E-05
  5.79933854855750E-01 -1.58411981154105E-14  8.40868215618319E-01 -6.35267361901455E-01 -2.52088098952478E-01
 -4.85831878147071E-15  4.14133836169984E-01  5.17209171272408E-01 -6.35298378725013E-01 -2.52121248959800E-01
 -4.78998949034838E-15 -4.14159967237041E-01  5.17230100838785E-01  6.35132442814440E-01  2.52077061387854E-01
 -9.86912133377424E-15 -4.14021262920450E-01  5.17099877871129E-01  6.35099371313288E-01  2.52041046795945E-01
 -9.89539931742628E-15  4.13994138372581E-01  5.17078604909815E-01
* ORBITAL    1   48
  3.50995707526737E-07 -1.43526139528655E-06 -1.35065493187919E-05  5.75668295677423E-17  2.61580434620598E-17
  5.40160010843455E-01  7.52231700409910E-01 -2.12675123694865E-06 -5.11250441059993E-06  5.00330333845048E-14
  1.23135350874232E+00 -1.80821686015867E-07 -5.71411303513390E-18  2.97141785449027E-06  2.80869226467719E-07
 -1.17645541644602E-06 -1.04651597809705E-05  3.66347725999463E-17  3.42199659588244E-17 -5.40063022766722E-01
 -7.52172856038086E-01  1.23771531694497E-06  4.58352717366804E-06  3.35953376998611E-14  1.23125102163424E+00
 -4.71779923567425E-07  3.76651674793659E-18  1.99161381956359E-06 -7.47395889483989E-01 -2.64207301864823E-01
 -1.27567651765544E-14  5.70445090015951E-01  1.67930150982638E-01  7.47401366953748E-01  2.64220650628327E-01
  1.27795222036850E-14  5.70452115063444E-01 -1.67932001250621E-01  7.47322271566157E-01  2.64177899061326E-01
 -7.16727169562930E-15 -5.70384491895022E-01  1.67891300545543E-01 -7.47318477993087E-01 -2.64166796952827E-01
  7.19202566431944E-15 -5.70378942851930E-01 -1.67890320687358E-01
#OCC
* OCCUPATION NUMBERS
  2.00000000000000E+00  2.00000000000000E+00  1.99737048383878E+00  1.99388835126561E+00  1.99472831142031E+00
  1.99411127620604E+00  1.99492132708774E+00  1.93754695752552E+00  6.40183902300334E-02  5.25895425567069E-03
  4.57794273836409E-03  4.13070070285493E-03  4.60568633720326E-03  4.84161839188502E-03  0.00000000000000E+00
  0.00000000000000E+00  0.00000000000000E+00  0.00000000000000E+00  0.00000000000000E+00  0.00000000000000E+00
  0.00000000000000E+00  0.00000000000000E+00  0.00000000000000E+00  0.00000000000000E+00  0.00000000000000E+00
  0.00000000000000E+00  0.00000000000000E+00  0.00000000000000E+00  0.00000000000000E+00  0.00000000000000E+00
  0.00000000000000E+00  0.00000000000000E+00  0.00000000000000E+00  0.00000000000000E+00  0.00000000000000E+00
  0.00000000000000E+00  0.00000000000000E+00  0.00000000000000E+00  0.00000000000000E+00  0.00000000000000E+00
  0.00000000000000E+00  0.00000000000000E+00  0.00000000000000E+00  0.00000000000000E+00  0.00000000000000E+00
  0.00000000000000E+00  0.00000000000000E+00  0.00000000000000E+00
#OCHR
* OCCUPATION NUMBERS (HUMAN-READABLE)
  2.0000  2.0000  1.9974  1.9939  1.9947  1.9941  1.9949  1.9375  0.0640  0.0053
  0.0046  0.0041  0.0046  0.0048  0.0000  0.0000  0.0000  0.0000  0.0000  0.0000
  0.0000  0.0000  0.0000  0.0000  0.0000  0.0000  0.0000  0.0000  0.0000  0.0000
  0.0000  0.0000  0.0000  0.0000  0.0000  0.0000  0.0000  0.0000  0.0000  0.0000
  0.0000  0.0000  0.0000  0.0000  0.0000  0.0000  0.0000  0.0000
#ONE
* ONE ELECTRON ENERGIES
  0.0000E+00  0.0000E+00  0.0000E+00  0.0000E+00  0.0000E+00  0.0000E+00  0.0000E+00  0.0000E+00  0.0000E+00  0.0000E+00
  0.0000E+00  0.0000E+00  0.0000E+00  0.0000E+00  0.0000E+00  0.0000E+00  0.0000E+00  0.0000E+00  0.0000E+00  0.0000E+00
  0.0000E+00  0.0000E+00  0.0000E+00  0.0000E+00  0.0000E+00  0.0000E+00  0.0000E+00  0.0000E+00  0.0000E+00  0.0000E+00
  0.0000E+00  0.0000E+00  0.0000E+00  0.0000E+00  0.0000E+00  0.0000E+00  0.0000E+00  0.0000E+00  0.0000E+00  0.0000E+00
  0.0000E+00  0.0000E+00  0.0000E+00  0.0000E+00  0.0000E+00  0.0000E+00  0.0000E+00  0.0000E+00
#INDEX
* 1234567890
0 ii22222222
1 2222ssssss
2 ssssssssss
3 ssssssssss
4 ssssssss
