#INPORB 2.2
#INFO
* RASSCF spin density orbitals for root number  1
       0       1       0
      48
      48
*BC:HOST mgt PID 57243 DATE Thu Oct  9 13:06:22 2025
#ORB
* ORBITAL    1    1
  7.02240534030458E-01  2.32044046385084E-02 -1.15298686007701E-02 -1.13270671088251E-15  7.98127649796593E-15
  1.09337779404187E-08 -1.40605996756840E-07  1.26061303358564E-03 -6.06040835190197E-04  7.60055620705905E-17
 -4.50709141627678E-09  4.35922369388989E-04 -5.23296730710330E-16 -6.57498672206914E-04  6.99136451552362E-01
  2.30916233582268E-02 -1.14291515062288E-02  1.00340982719485E-14 -1.10050174925465E-15 -1.31771370512661E-09
  1.26177226282534E-07 -1.26223088030828E-03  6.15755076100834E-04 -7.11526416050379E-17 -3.92086215389357E-09
  4.34225336607211E-04  7.91051198652238E-17 -6.52084122106290E-04 -1.49060973604889E-03  3.39433665976023E-03
 -1.18733707555491E-16  7.32156165623715E-04  8.33329202556822E-05 -1.49064003993770E-03  3.39416682009884E-03
 -1.33185055350264E-16 -7.32162184496358E-04  8.33446014564770E-05 -1.48355711771090E-03  3.37636218213979E-03
  4.07868255857121E-16  7.28877998050018E-04 -8.03949017193438E-05 -1.48352852579763E-03  3.37651092597623E-03
  4.45902935892920E-16 -7.28869585348953E-04 -8.03850383945855E-05
* ORBITAL    1    2
 -6.98993958877702E-01 -2.73466914883297E-02  2.33397953224444E-02  1.76016898476201E-14  7.50930855417881E-15
 -1.10213868515771E-08  8.36230045950225E-08  6.07318380557617E-04 -1.89875386787962E-03  5.76128499177071E-17
  1.62473043423692E-08 -8.90044598248666E-04 -1.28255571109365E-15  1.43661344591320E-03  7.02095673806604E-01
  2.74549045338622E-02 -2.33929759077494E-02  1.77060985454720E-14  7.30722145588113E-15 -2.27113508513492E-09
  1.01757875438049E-07  6.00592532209681E-04 -1.89642823139411E-03  1.87983363286217E-17 -1.49055719024939E-08
  8.92105321749798E-04  1.40334010978969E-15 -1.44016842494607E-03  1.91905496309687E-03 -4.24189107542043E-03
  4.55364452710905E-16 -1.03737777759820E-03 -8.18075971523111E-04  1.91907809268157E-03 -4.24173247004310E-03
  5.07076205360818E-16  1.03739293247901E-03 -8.18098819079760E-04 -1.92687537848670E-03  4.25720666610613E-03
  3.32657943691155E-16  1.04176331510327E-03 -8.18923477210196E-04 -1.92684464511226E-03  4.25738884446239E-03
  5.25915322662158E-16 -1.04174479844690E-03 -8.18898168199223E-04
* ORBITAL    1    3
 -1.99857889654775E-01  3.79456304674913E-01  1.18544552645489E-01  3.96666238922099E-13  2.76376324499296E-13
  3.33011787443342E-07 -3.12580829481571E-06 -1.16861931830316E-01 -2.15351198735704E-02 -5.92011911989935E-17
 -3.25623111442366E-07  1.70525104682789E-02 -3.62319884340707E-14 -1.52935867982416E-03 -1.99882915669711E-01
  3.79546654405062E-01  1.18436054765078E-01  3.09052385016807E-13  1.69563980043559E-13  2.74340042649012E-07
 -4.32854478616941E-06  1.16855416045425E-01  2.15185173299171E-02 -7.87545800054796E-18  3.02610742865020E-07
  1.70515627964312E-02  5.51678115529814E-14 -1.53051257742091E-03  1.08947857841207E-01  9.81577904114358E-03
  8.21381422059946E-15 -1.36606659895397E-02 -9.57222375176495E-03  1.08947038145688E-01  9.80922551120010E-03
  8.32468112971488E-15  1.36602708535145E-02 -9.57166723071613E-03  1.08951004618519E-01  9.83830728669608E-03
  3.87943247033960E-15 -1.36567473821621E-02  9.56909617581512E-03  1.08950087055358E-01  9.83015443964807E-03
  3.91078416301807E-15  1.36563574445652E-02  9.56852759158894E-03
* ORBITAL    1    4
  1.52730617764741E-01 -3.03115572798171E-01 -1.11220186306914E-01  7.79982978187764E-13  6.70303584178456E-13
 -9.29239195725170E-09 -4.73687810995252E-06 -1.59763818152826E-01 -6.49211089429368E-02  5.32925583524474E-15
 -2.66644789775872E-07  7.05294545753832E-03 -5.25043556827572E-14  9.50644466997189E-03 -1.52725143521398E-01
  3.03134085910388E-01  1.11171741522516E-01  8.36299913858186E-13  6.84090756468927E-13  1.55374621228674E-07
 -1.74523146095738E-06 -1.59751034771911E-01 -6.49185083174437E-02 -5.35802711928849E-15  2.30473953818214E-07
 -7.05744263873496E-03  4.97483148290708E-14 -9.50769006045407E-03 -1.95461820379768E-01 -3.84260838427313E-02
  1.86992810641616E-14  1.77902963093110E-02  7.29371122272436E-03 -1.95462380295078E-01 -3.84342899506753E-02
  2.39208842749272E-14 -1.77906775688937E-02  7.29413684953702E-03  1.95436846982208E-01  3.84376773599785E-02
  2.65445822947612E-14 -1.77845949536465E-02  7.29167989280933E-03  1.95436361786664E-01  3.84335260324471E-02
  2.11186469444301E-14  1.77843258774097E-02  7.29127675028272E-03
* ORBITAL    1    5
  2.25576816368598E-07 -8.86508320602244E-07  3.10802743411020E-07 -1.34007139257020E-14 -1.04402119722008E-14
  3.13777254216194E-01  1.19878199876112E-01  3.12092875584968E-06  2.04434564935194E-06  3.81010415504983E-15
  3.41216968770899E-03 -2.04741833823512E-07  9.03551147497943E-16 -2.46299056610292E-07  5.43024742176684E-08
  1.69438337084169E-06 -1.37169887002519E-05 -1.32741058344477E-14 -1.03476408560766E-14  3.13729844387495E-01
  1.19842078016185E-01 -3.40493707144181E-06  4.70056514250856E-06  3.31557514533349E-14 -3.40815415991513E-03
 -1.49747672691231E-07 -1.03279858295270E-15  1.81492876534981E-07  2.09048203696352E-01  5.68120179688836E-02
  4.91326453692776E-16 -9.56158810964123E-03 -9.58401434299408E-03 -2.09045638898576E-01 -5.68127925830446E-02
 -1.28269376460888E-15 -9.56161995452069E-03  9.58397918557130E-03  2.09014231804828E-01  5.68253229360663E-02
  1.77839831404652E-15 -9.56059520179454E-03  9.58264076360009E-03 -2.09010437066485E-01 -5.68070328434908E-02
 -2.54827962367548E-15 -9.55930023558090E-03 -9.58253893581712E-03
* ORBITAL    1    6
  1.34921631394586E-02 -3.67226293016769E-02  2.28387155057380E-02 -3.13275661747883E-13 -1.99256221131457E-13
 -3.78206973351971E-06  1.44112016913463E-07  4.07221637391005E-01  1.44662051400929E-01 -3.43225984168629E-16
  5.19471512643912E-07 -1.64963058772265E-02  2.40617969301733E-14 -1.15543835743574E-02  1.34852665322665E-02
 -3.67273021756305E-02  2.29661708945692E-02 -4.95888940315280E-13 -3.53747239921155E-13 -2.66338757468049E-06
  1.96358964168711E-05 -4.07227279560910E-01 -1.44651536305290E-01 -4.68751694410812E-16 -8.79783809663153E-07
 -1.64977342800518E-02 -6.51383231453190E-14 -1.15583924795631E-02  1.69170248571215E-01  5.78395613116545E-02
 -7.30500235761684E-15 -1.17300767580966E-02  1.44360790858302E-03  1.69176005180860E-01  5.78502877224608E-02
 -7.79455804474537E-15  1.17309956829761E-02  1.44263096552395E-03  1.69184213010822E-01  5.78008220353925E-02
 -1.02309511222783E-14 -1.17298276485468E-02 -1.44309236287248E-03  1.69189867909323E-01  5.78370932632814E-02
 -1.08517171591006E-14  1.17312507630884E-02 -1.44129134374954E-03
* ORBITAL    1    7
 -1.32929006335659E-07 -1.31427089371107E-06  1.18389345981540E-05 -2.31445835972369E-14 -1.79614279849061E-14
 -2.99281956737932E-01 -1.29115708313868E-01 -6.90825442436046E-07  5.41466561673414E-06  4.36560383958675E-15
 -2.89565898971578E-02  1.03570427534374E-07  3.63579046065961E-15 -1.96032832151893E-07 -5.94433151227943E-08
 -1.33674275250129E-07  5.33782634651683E-06 -2.26326757266455E-14 -1.75363506146567E-14  2.99320674797204E-01
  1.29133073447594E-01  1.15717181092793E-06 -1.31476725467362E-07  1.03157159395126E-14 -2.89580633287177E-02
  1.82046515367369E-08  2.95979326909109E-16 -8.28204866542763E-08 -2.59900869609312E-01 -1.20047332715326E-01
 -2.23303198029859E-15  8.78206548939149E-03  9.22114789327284E-03  2.59899462508959E-01  1.20031479282827E-01
  9.19762845838330E-17  8.78118975686317E-03 -9.22112190192930E-03  2.59927016024127E-01  1.20051159010123E-01
  7.85869761075176E-15 -8.78168605627427E-03  9.22226082950253E-03 -2.59927753469467E-01 -1.20055890973913E-01
 -8.22616854465764E-15 -8.78203385366817E-03 -9.22220274472534E-03
* ORBITAL    1    8
 -9.83867871225771E-14  1.08367746400575E-13  6.84719599805109E-14  3.83458400237289E-01  2.97824681614902E-01
 -7.07240572706201E-15 -5.58460908224833E-15  9.02017453624949E-13  1.84945849268473E-13  4.38059745699216E-08
 -1.80915981691541E-15 -4.51886398313244E-14 -2.77647696481938E-02 -3.36409199300858E-14  4.69124796993456E-13
 -1.04549416318725E-12 -1.12829801636774E-13  3.83468282897441E-01  2.97878956064227E-01  2.72881196825892E-14
  6.92163807715874E-15 -2.78184287048738E-13  2.08715156623366E-13  9.71053038242772E-08 -1.76088596950738E-15
 -8.04370989542691E-14  2.77699859394421E-02  5.86089232297486E-14  5.15252185311965E-13  2.03124252764916E-13
  1.05863163660578E-02 -4.12711105888859E-14 -2.05007605359596E-15  5.31306587818903E-13  2.08164365789512E-13
  1.05862692312689E-02  4.13767843998867E-14 -2.20671589280568E-15 -3.36309335399627E-13 -9.62651206065694E-14
  1.05824305624322E-02  3.78550937472379E-14 -1.81754497428648E-14 -3.79819260093851E-13 -1.32810520352568E-13
  1.05826372263408E-02 -3.96070516944634E-14 -1.99129726439242E-14
* ORBITAL    1    9
 -1.89580590492498E-13 -4.90466104135205E-14  4.99362030768893E-12 -3.45686977134039E-01 -7.53666074554559E-01
  1.72006954203194E-15  1.26495315758887E-14  6.16908227822859E-13  3.32264862665643E-12  2.44277611089867E-07
 -1.17818552871123E-16 -5.07358647560733E-14 -2.16493859932831E-02  2.03555917286554E-13 -3.44901356915108E-13
  2.49566988584790E-13  9.66450974187515E-12  3.45651861091170E-01  7.53668206751112E-01 -6.19003368567231E-16
 -8.48910243775235E-15 -5.32372421857279E-13 -1.94292242578035E-12 -5.06479268025335E-08  3.43094267710405E-16
 -1.12394300604927E-13 -2.16541425185356E-02  2.28749704909141E-13 -4.26458118435978E-13 -3.90554876713745E-12
 -1.76439867220168E-02 -3.95744506612722E-15  7.20335925015250E-15 -4.25011523276850E-13 -3.88047174804762E-12
 -1.76446273719872E-02  4.11142652197261E-15  7.06502014809107E-15 -4.73226925191600E-13 -5.06113885879292E-12
  1.76405410826341E-02  1.97380579411568E-15 -2.82029781508107E-15 -4.72516967625880E-13 -5.07583046463058E-12
  1.76395099050323E-02 -1.79584331682314E-15 -3.18552709727346E-15
* ORBITAL    1   10
  7.30202981770890E-02 -1.17691829001879E-01 -1.60301607817778E+00 -1.14474421750365E-12 -3.17114010270428E-12
 -2.40776195837696E-05 -7.11052483604481E-04 -1.29717077196810E-01 -5.62026469714974E-01  4.96385499294458E-17
 -1.16901926202752E-05 -5.28761835077993E-03 -1.40127211942587E-14  8.05781180524161E-04  7.30267804258845E-02
 -1.17736040738941E-01 -1.60312042793550E+00  1.10700726920739E-12  3.20097304391448E-12  7.82700880211425E-05
  9.41557728023689E-04  1.29695485636892E-01  5.61803441297491E-01  2.07182536917205E-17 -1.00564947229643E-05
 -5.28607707547564E-03 -1.34333863855882E-14  8.08511719937392E-04  3.10792410980369E-03  1.12573630260850E+00
 -8.22847293685097E-14 -1.93780437051030E-03 -4.99706901809718E-03  3.10149941469983E-03  1.12457658241000E+00
 -8.22992708084224E-14  1.92309780370271E-03 -4.97525034458698E-03  3.10199654931407E-03  1.12412198374957E+00
  8.56067695451391E-14 -1.92463255447800E-03  4.97897675129740E-03  3.12372193253671E-03  1.12596900626688E+00
  8.55601172970253E-14  1.94449157235088E-03  5.00493030791821E-03
* ORBITAL    1   11
 -4.44325996157496E-04  5.19211193300532E-04  1.11526044840777E-02  1.04240424632854E-15  2.53510201605682E-15
  2.17503032717217E-01  7.67489948933069E-01  4.08005829865732E-04  1.25770011193428E-03 -5.70487696398206E-14
 -1.08840933779837E-02 -1.80370977704258E-05 -2.14748330039528E-16 -4.44949661548893E-05  4.20199562605583E-04
 -4.66306234729552E-04 -1.07310111723477E-02 -6.85876978436622E-17  2.95521044154609E-15  2.17464862888730E-01
  7.67047405349314E-01  3.77394257017608E-04  1.10247664537203E-03  9.87228549109586E-14  1.08880632858123E-02
  2.10612654414414E-05  2.26351142974487E-16  4.39672719837881E-05 -2.50440146646513E-02 -1.17812487764446E+00
  2.36326575280116E-14  5.46266240449648E-03  2.67342893517760E-03  2.50176171144550E-02  1.16542910205128E+00
 -2.32698453263439E-14  5.38521290164932E-03 -2.67268411259598E-03 -2.50170999366451E-02 -1.16530537295027E+00
 -1.99941106993204E-14  5.38513553660000E-03 -2.67211090796308E-03  2.50391150418790E-02  1.17738534265004E+00
  2.05068817856617E-14  5.46494218334727E-03  2.67275095393308E-03
* ORBITAL    1   12
 -9.28135813133815E-02  1.18807165979298E-01  2.28708791699984E+00 -3.48247370680838E-13 -2.28357748034161E-13
 -1.09124133296141E-03 -3.63277004491922E-03  8.33444353882879E-02  1.98748298707712E-01  1.40415262171929E-16
  6.36773842816020E-05 -4.08732193233290E-03 -5.68299287386920E-14 -7.99600398837529E-03  9.28276846357788E-02
 -1.18894620641906E-01 -2.28708593002068E+00 -5.52995755106713E-14  6.91979955731389E-13 -1.08237180394038E-03
 -3.51024702266417E-03  8.33474739584740E-02  1.98801009260125E-01 -2.37325134332013E-16 -6.44908817225208E-05
  4.08928796612449E-03  3.05645991677922E-14  8.00040944995394E-03 -1.02081411250441E-04 -1.26585761270372E+00
  9.47382355284686E-15  5.98798879112910E-03 -2.07882174460067E-04 -3.07419213714614E-04 -1.27708167730650E+00
  9.73297496103753E-15 -6.02435276996132E-03 -1.97534916187808E-04  3.18578636485975E-04  1.27700166594644E+00
  2.97097848126291E-14 -6.03177137817524E-03 -1.94109285863021E-04  1.15855916783649E-04  1.26600968831238E+00
  2.95796848151168E-14  5.99687612093825E-03 -2.01714744986208E-04
* ORBITAL    1   13
 -3.90276377236091E-05  1.27392651855387E-04  3.66814604822869E-04 -1.00561419734112E-15 -1.92400700099251E-15
 -1.92843719471064E-01 -1.60774577468790E+00  6.55607584807136E-05  1.72193738706010E-04  7.61844614812704E-14
 -2.05342571584971E-02  3.07555795713848E-06 -6.05964349458224E-17  4.50243786072548E-06 -4.56433242020283E-05
  1.39682719904176E-04  5.29777152524239E-04  1.81217279372553E-15  4.48592674553140E-15  1.92915708879811E-01
  1.60792434206550E+00 -7.31976221247037E-05 -1.55196420264181E-04  9.72247722319107E-14 -2.05356152621180E-02
  3.10803718857073E-06 -1.45893961490240E-16  4.31982994210036E-06 -2.63647242936530E-02  1.66038316877540E+00
  7.97527512052950E-16 -9.35370556506336E-03 -1.35135234543650E-02  2.63790804232600E-02 -1.66107633135258E+00
 -1.01928963134749E-15 -9.33645624156696E-03  1.35172490095365E-02  2.63859659209801E-02 -1.66144462701492E+00
  5.19855992776859E-15  9.34418479853406E-03 -1.35209294576349E-02 -2.63694263783871E-02  1.66060668672879E+00
 -4.88385836835366E-15  9.36331992989685E-03  1.35174736322797E-02
* ORBITAL    1   14
  5.75861622169723E-02 -8.08614211983010E-02 -5.11519732845371E+00  2.40811959114898E-14  2.60331122839456E-13
 -3.97664001438768E-05  3.08510680920573E-05  1.54719734864335E-01  3.49395078317577E+00 -9.32555293937036E-17
  5.17134463746028E-06  1.72951796586453E-02 -6.66044254878331E-14  1.56356183516676E-02 -5.75956788325285E-02
  8.09590681613345E-02  5.11492373814544E+00  1.93558204107281E-14 -3.67227389607800E-13 -4.25451903514700E-05
  2.77853326656248E-05  1.54726494550197E-01  3.49399072692792E+00 -4.03747138748616E-16 -4.73982367634501E-06
 -1.72965306801888E-02  9.01349910684901E-14 -1.56325552177700E-02 -1.13572908337479E-01 -2.43733340551589E-01
 -9.76271235467028E-15 -6.75419904831987E-03  4.66916626331859E-03 -1.13538654319960E-01 -2.43789553364284E-01
 -9.51270446415644E-15  6.76296260513538E-03  4.66349599250386E-03  1.13524044028114E-01  2.43933826800049E-01
 -1.34913760431267E-14  6.76195520942609E-03  4.66313812142100E-03  1.13561244585588E-01  2.43862965498136E-01
 -1.23246830246085E-14 -6.75317955992819E-03  4.66886875142033E-03
* ORBITAL    1   15
 -9.03086107382970E-02  7.74967815414655E-01 -6.43822785144974E-01  3.77072253836809E-14  4.04287365194653E-14
  4.22380744595055E-06  9.46850265348763E-07 -3.86681913351116E-01  7.74611623563752E-01  3.31819827988331E-16
  1.09687463395077E-07  4.91109993822859E-02 -3.26353767213847E-14 -6.12922950464802E-03 -9.03113759306359E-02
  7.75033983360587E-01 -6.44531503526701E-01  4.00126320923180E-13 -1.69827085129628E-13 -1.31606302464583E-05
  1.14621668308782E-05  3.86697019881940E-01 -7.74864171455701E-01  5.68260946189334E-16 -2.47516379380880E-07
  4.91222432236947E-02 -5.73267422681559E-15 -6.13271396086056E-03 -6.27714125971413E-02  1.82275498791923E-01
 -9.09995471667633E-15 -2.56379159030401E-03  3.14526947600157E-02 -6.27700916923924E-02  1.82295118825888E-01
 -9.31209335487981E-15  2.56332170910449E-03  3.14540393878478E-02 -6.27842512036417E-02  1.82392113228826E-01
  2.94309700078935E-14 -2.56207962286543E-03 -3.14498243059565E-02 -6.27718411650789E-02  1.82365864383812E-01
  2.87134919207812E-14  2.56455502319745E-03 -3.14477353067743E-02
* ORBITAL    1   16
 -8.31655948907991E-02  7.00252374016458E-01 -1.84661244920021E+00 -1.03470821999231E-12  5.53324872272126E-13
  3.52326070895249E-05 -5.16357103075740E-05  1.23012478597684E-01 -7.55821062499889E-01 -9.20642381081187E-18
  2.40566285011224E-07  2.83780603151055E-04 -5.69708608777602E-14 -6.60361420064406E-02 -8.31778215703353E-02
  7.00294744911148E-01 -1.84669194052703E+00  1.50576944353712E-12 -9.67860526347791E-13 -4.28665350899601E-05
  5.19085856099217E-05 -1.23005777668945E-01  7.55777175514912E-01  1.20521828767564E-16 -1.74586292334412E-06
  2.85035320873532E-04 -4.36936463273284E-14 -6.60395475713036E-02  4.60706393089926E-01  4.47083006320028E-01
 -1.07621370457122E-13  1.03502635030929E-02 -1.36601805602500E-02  4.60677741750780E-01  4.47136203064411E-01
 -1.07750095908959E-13 -1.03569360078850E-02 -1.36526550450017E-02  4.60595186229359E-01  4.47200836798354E-01
  1.38242566445723E-13  1.03519043860548E-02  1.36512483652673E-02  4.60614312996246E-01  4.47147097203017E-01
  1.37577003867982E-13 -1.03435526407099E-02  1.36610979234120E-02
* ORBITAL    1   17
  1.09365446421877E-05 -8.30743633998627E-05  4.52160852029193E-04  2.25071215554230E-15 -9.42010509291611E-16
 -6.93358939031936E-02  5.60800820244809E-01 -2.52002251219775E-05 -1.69965112475050E-04 -5.14281372309457E-15
 -1.01271280662811E-01 -1.62463857925460E-06  5.33155202414175E-17 -3.80257181045777E-06 -1.05994730013380E-05
  7.72281918351126E-05 -4.52984122401023E-04  3.69926558217020E-15 -5.34116372806645E-15 -6.93357825550494E-02
  5.60742239328198E-01 -3.01105949097699E-05 -1.54623713039677E-04  6.77440082569233E-14  1.01280179538814E-01
  1.33249111526624E-06 -1.16273584915204E-16  2.93130201393293E-06 -5.63036847386028E-01  1.14761016672217E-01
  3.94799434979189E-14  2.01788054752167E-03 -5.40088003519522E-02  5.63028380150547E-01 -1.14789188633792E-01
 -3.93631870075857E-14  2.00479875072989E-03  5.40103487093603E-02 -5.62994897399737E-01  1.14777756627259E-01
 -2.70344766545900E-14  2.00108107174198E-03  5.40110094975427E-02  5.63008934135147E-01 -1.14751275259494E-01
  2.74889310281958E-14  2.01407789243562E-03 -5.40068234479586E-02
* ORBITAL    1   18
  5.98795852560307E-13 -6.01976541247115E-12  3.16014069174846E-11  7.02835211046515E-01 -6.15505637279716E-01
 -2.08047895875508E-15 -1.13784735269476E-15 -5.94162917710148E-13 -5.22985309086519E-12  4.48812464130975E-09
  1.25755081739650E-15  8.18626525681202E-14 -6.31724342354369E-02  6.27436186338059E-14 -5.34190373983868E-13
  5.49032667420888E-12 -3.07649594778170E-11  7.02657283319650E-01 -6.15227987657457E-01 -4.27768502598381E-15
  9.63223399922616E-15 -8.17881270178907E-13 -5.24697655686991E-12 -2.93973850397307E-09 -1.50951030223448E-15
 -1.33241428393192E-13  6.31806113482639E-02  3.83284231128744E-14 -1.94611553106265E-12 -4.50976175244687E-12
  1.43904611303453E-02  8.77605408073651E-15  1.37818440960448E-13 -1.95260038427874E-12 -4.50412723197351E-12
  1.43901793930542E-02 -8.06506909082319E-15  1.36851118524626E-13  1.55020705126049E-12  4.47017785264833E-12
  1.43851066814967E-02 -3.94300106430541E-14  1.50608786732672E-13  1.54283366855395E-12  4.49078790406327E-12
  1.43855106099023E-02  4.08755743560611E-14  1.52401924035838E-13
* ORBITAL    1   19
 -1.12913420125478E-02  6.00380276724217E-01 -4.42005504798124E+00  2.80136060584145E-12 -2.27733435212729E-12
  6.75677317739563E-05 -8.07860494051670E-05  1.76759736896319E-01  7.78538823727268E-01 -3.90281563107149E-19
 -2.17218967702988E-05  1.50518403552181E-02 -1.86448421797513E-13 -6.89875030202650E-02  1.13046357045945E-02
 -6.00465258348294E-01  4.42027013260414E+00  3.08619476701897E-12 -2.81149182827891E-12  7.11357027910018E-05
 -8.82408060068703E-05  1.76805469430082E-01  7.78433569334913E-01 -1.37855370611821E-16  2.15340863925535E-05
 -1.50528222775575E-02  2.00222657162941E-13  6.90048438560387E-02  5.65360792173140E-01  3.72900684105722E-01
  5.20717713472627E-15  3.14413818150017E-02 -7.42671829634963E-03  5.65435345174006E-01  3.72740783319134E-01
  5.31541361529068E-15 -3.14626191827494E-02 -7.40480572884980E-03 -5.65447640234711E-01 -3.72812904514254E-01
  1.57771278699371E-15 -3.14578460672151E-02 -7.40743770506493E-03 -5.65375053136438E-01 -3.72974750854433E-01
  2.68490096771670E-15  3.14361259258238E-02 -7.43000574579630E-03
* ORBITAL    1   20
  4.52470047634446E-13 -1.90166411531319E-12  9.54702584178314E-13  7.80691782442932E-01 -1.09068951062482E+00
 -1.41879620531970E-15  6.61778853516322E-15 -1.83394605445882E-12  3.31950407014226E-12  7.97894012274344E-07
 -2.36877274993397E-16  2.41888813017869E-14  3.02550115572570E-02 -7.14665295045328E-13  7.88955923924591E-13
 -4.26922769377358E-12  1.19939175304675E-11 -7.80862303193094E-01  1.09083187673239E+00  5.39539392425459E-15
 -1.33523503757409E-14  1.81263404108279E-12 -8.58765580796349E-13  3.04586484675945E-08  8.27695463878442E-16
  1.30094537291064E-13  3.02332298074494E-02 -8.19474962344030E-13  2.42609151495028E-12 -3.22436691331128E-12
  3.18381613892654E-02  5.05102726595171E-13  6.25133782072363E-14  2.42727485985811E-12 -3.22013557605844E-12
  3.18355657203022E-02 -5.04826394820713E-13  6.21699212148920E-14  2.61367613465333E-12 -5.06171426820653E-12
 -3.18368226136123E-02  5.97607892730183E-13 -1.47039697987328E-13  2.61769875142350E-12 -5.08136263431160E-12
 -3.18398681779159E-02 -5.99268913712642E-13 -1.48743622150105E-13
* ORBITAL    1   21
 -1.51723832194734E-01  8.13652785743236E-01 -1.68394734214577E+00  3.67520807038480E-12 -4.93985113730854E-12
  1.89317802508171E-04 -6.88231272642142E-04  4.06117891948178E-01 -5.78452545681837E-01 -1.24765790041413E-16
 -3.03363356937830E-06  1.34619862518249E-02  5.82828319624453E-14  1.05279148659747E-01 -1.57877871276307E-01
  8.50847312989585E-01 -1.80141870564373E+00 -3.95165497312959E-12  5.14921207353422E-12 -3.38856732965723E-04
  9.49222488086374E-04 -4.10601343799120E-01  5.73966781793430E-01 -1.01179594987761E-16 -3.47781748816407E-05
  1.29743344969846E-02  2.84158604223368E-14  1.07579263543570E-01 -4.20568166869592E-01  9.09472389140981E-01
  2.28676653287803E-13 -1.21497881877626E-01 -3.10174189218270E-02 -4.20584886541256E-01  9.08872146338975E-01
  2.28485327552090E-13  1.21452325411920E-01 -3.09518942555602E-02 -4.29292769202413E-01  9.42361695912873E-01
 -2.47076196045116E-13 -1.24288164908715E-01  3.24107799063995E-02 -4.29349044711878E-01  9.43400162825479E-01
 -2.47869306169443E-13  1.24380005736291E-01  3.25034867472519E-02
* ORBITAL    1   22
 -2.22753667679960E-01  1.34526323431075E+00 -4.22090723175107E+00  1.00277812231548E-12 -6.79491866169208E-13
  1.28949027069163E-03 -2.27593398219975E-03  1.70720416012631E-01  1.36694404712827E-01 -5.10179059213599E-16
 -2.84618656004933E-04 -1.66155281828033E-02 -2.66718238225183E-13  8.40467319261768E-02  2.18431165349949E-01
 -1.32202388813279E+00  4.17227518819470E+00  2.02045574967227E-12 -1.99008051143755E-12  1.29560537084324E-03
 -2.29829742867929E-03  1.59363214788389E-01  1.52760829955207E-01  2.72866441005017E-16  2.84086458285302E-04
  1.70032783287411E-02  2.06489833344387E-13 -8.10847776309767E-02 -3.19272045531992E-01  1.22643631864470E+00
  7.02082183352832E-14 -1.05029790749289E-01 -5.34667862211496E-02 -3.18601610756181E-01  1.22254659051403E+00
  7.03590788704778E-14  1.04622670656764E-01 -5.32257644614485E-02  3.06808645545873E-01 -1.19674130711847E+00
  1.23058371904657E-13  1.01191842926030E-01 -5.23313474452296E-02  3.07473611899182E-01 -1.20064576010676E+00
  1.24455688529472E-13 -1.01599605204943E-01 -5.25734990804064E-02
* ORBITAL    1   23
 -4.12801982350784E-04  2.57020305788392E-03 -8.52210446422067E-03  6.39511601223763E-16 -1.19383211491075E-15
 -6.75907085408305E-01  1.22603442142263E+00  2.49128622304025E-04  4.31656409754169E-04  9.85493962724929E-14
  1.42548569007399E-01 -4.13917259016996E-05 -5.79495778857707E-17  1.33060947722758E-04  4.38960562620246E-04
 -2.72124861503058E-03  8.84960476185228E-03 -1.39855752693658E-15  2.38686475191399E-15 -6.75805645354928E-01
  1.22579644809081E+00  3.17209383307123E-04  3.30776934390538E-04 -1.21906134407509E-13 -1.42548384309747E-01
  4.01399304395653E-05  1.89486428220491E-16 -1.51486467124555E-04  1.64692458516083E-01 -1.04359319863471E+00
 -4.29650294869895E-14  1.06727588392263E-01  5.76889323772760E-02 -1.65705740872661E-01  1.04828922653337E+00
  4.32622106746694E-14  1.07070159673863E-01 -5.79025885849578E-02  1.65737821628299E-01 -1.04831356380587E+00
  5.15943586488278E-14  1.07083337105480E-01 -5.78951147025581E-02 -1.64593147900239E-01  1.04327752093262E+00
 -5.17289009494209E-14  1.06702427693014E-01  5.76759411370994E-02
* ORBITAL    1   24
  5.33211384168608E-05 -3.07833936330441E-04  6.66876365301591E-04  1.09292811325874E-15 -2.36610898449779E-15
  7.22696156957700E-01 -2.11010313548833E+00 -1.46128344387226E-04  2.59937235003302E-04 -1.65825639618974E-13
 -6.51266755119952E-02 -6.40439909096475E-06  3.85609638563322E-17 -3.06706000400259E-05  5.85480641449034E-05
 -3.41592491788802E-04  8.17806182032924E-04 -3.77445834055204E-15  4.35933536923726E-15 -7.22777862696631E-01
  2.11025973829050E+00  1.37620732119212E-04 -2.19261515193943E-04 -2.07652403203670E-13 -6.51513706379440E-02
 -3.71077858544416E-06  1.80690132078848E-16 -3.10870213365276E-05 -1.50060228097879E-01  1.26012975595637E+00
  5.64452387080456E-14 -9.56986660632511E-02 -1.15944354616044E-01  1.50328864832548E-01 -1.26087494750996E+00
 -5.62902464498456E-14 -9.57746583743904E-02  1.15970130367762E-01  1.50349512539286E-01 -1.26103588252691E+00
  5.21626686923571E-14  9.57951081775695E-02 -1.15978401468224E-01 -1.50076509361610E-01  1.26024447834090E+00
 -5.28892218320402E-14  9.57192826883413E-02  1.15949225930466E-01
* ORBITAL    1   25
 -1.14929638995926E-01  6.40508935344228E-01 -4.45522252081839E+00  2.49075843803724E-13 -1.46262395670129E-13
  3.31635562566926E-05 -7.38715063542510E-05 -8.13674734117533E-01  2.73875129076973E+00  1.81871550354378E-17
 -4.28634102050116E-06 -1.80534786249791E-01  2.02420197474405E-13 -3.69327907836316E-02  1.14908490178893E-01
 -6.40406685715571E-01  4.45499624290648E+00  6.17290888509961E-13 -5.57826403886743E-13  4.19694875107651E-05
 -7.96308972335907E-05 -8.13716318654471E-01  2.73881508112971E+00  2.48244855922464E-16  6.11871603412074E-06
  1.80559997738579E-01 -2.69778736197626E-13  3.69551766598324E-02  7.84682122100049E-02 -1.65363457905495E-01
  5.03032316224054E-14  7.26291729432361E-02 -5.77006859514295E-02  7.84734167358928E-02 -1.65484207328345E-01
  5.07130078196346E-14 -7.26403644087779E-02 -5.77019515315417E-02 -7.85236091861786E-02  1.65613914271623E-01
  7.60270472376380E-14 -7.26693822825840E-02 -5.76837013389442E-02 -7.84984592352432E-02  1.65463750459809E-01
  7.66293931928720E-14  7.26556737385897E-02 -5.76869689857765E-02
* ORBITAL    1   26
  7.65708670642550E-06 -5.27742448158917E-05  1.44721746302424E-04 -3.76065788510620E-16 -3.55095933551403E-16
  1.27928318988108E-01 -3.05575853972462E+00 -1.37519367411350E-05  2.65023413212691E-05  3.65626787998877E-13
  1.16744628180961E-01  2.46637331951177E-07  3.28537688110343E-16  8.76444695457041E-07  7.79596769988607E-06
 -5.58239961645061E-05  1.35028219402294E-04  7.34053175737014E-17 -2.05916648239473E-17 -1.27927470234769E-01
  3.05576017040688E+00  2.22615423863283E-05 -5.27973442268485E-05  4.37221035606176E-13  1.16767002986173E-01
 -1.41468901106179E-06 -5.33124985711686E-16  3.35651182748697E-07  7.82455215966198E-01  8.99958394765542E-01
  2.72917166902877E-13 -4.71006315271806E-02  1.24813918426543E-01 -7.82424248377026E-01 -9.00090735085636E-01
 -2.72105695809120E-13 -4.71010278997871E-02 -1.24804280904526E-01 -7.82424006417742E-01 -9.00103499287741E-01
  3.36106754498337E-13  4.71055388699182E-02  1.24809123463122E-01  7.82458476121483E-01  8.99946856336387E-01
 -3.36135500884014E-13  4.71045741647551E-02 -1.24818191428842E-01
* ORBITAL    1   27
 -4.64885428570154E-17  7.71849918052757E-17 -1.02740422805341E-14 -2.23418438896441E-06  2.27422901632857E-06
 -1.47383694080270E-14  2.26586449298941E-12  3.74490466606838E-16  4.02750962097462E-15  3.29807735681404E-01
 -1.77502471284533E-13  2.45095699595485E-16  1.24938298633662E-06 -9.52178636734736E-17  4.32945348249095E-16
 -3.28566062088859E-15  1.41967443769646E-14  2.62535995958093E-06 -2.98318734730848E-06 -1.07989580710384E-14
 -2.35735487770437E-12 -9.51252126344990E-17  5.13804911912418E-15  3.29818257938899E-01 -1.76534374226735E-13
  2.85236549573621E-16 -6.55675124028601E-07 -1.53496991266939E-16 -5.83279118206561E-13 -7.02785369857137E-13
  3.51601315351417E-01  1.50723448249388E-13 -2.50088161205395E-13  5.83403352365605E-13  7.03567231619293E-13
 -3.51597356137296E-01  1.51026600211610E-13  2.50128811903888E-13  6.36390574646902E-13  7.37654468653395E-13
  3.51573937074634E-01 -1.44110663331819E-13 -2.58450220384263E-13 -6.36345267228898E-13 -7.40816533754062E-13
 -3.51574819387409E-01 -1.43971515503904E-13  2.58228996242682E-13
* ORBITAL    1   28
  1.47620909616530E-16 -4.86270814379390E-16 -5.30807857771961E-15 -2.59280851166696E-07  1.53489092822489E-06
 -3.82827726160689E-14  4.27037183552366E-13  2.86098667253586E-16  2.45924879367423E-15 -2.59875991863406E-01
  1.34200570233903E-13  2.52210405083929E-16 -4.62986460721643E-06 -2.13643326735817E-16  3.01578100478640E-16
 -1.79822441052731E-15  8.43273700145958E-15 -6.70158879072601E-07  1.31728965033534E-06 -5.74682444140195E-14
 -1.11995951094633E-13  2.35763176607260E-16  2.42410412750670E-15  2.59907342052734E-01 -1.50385811234149E-13
  2.74808451680110E-16  4.52767505039987E-06 -3.42654629469269E-16 -2.03953291761900E-13 -7.78360084611893E-14
 -3.99551265481971E-01 -9.60071962591531E-14  1.35925150309693E-14  2.04184371020521E-13  7.79929584673055E-14
  3.99543006102776E-01 -9.58939702637758E-14 -1.35743636329674E-14 -5.10710265736736E-14  7.79055249416579E-14
  3.99544517828315E-01 -9.77117182289063E-14 -4.14823101485744E-14  5.06303737420621E-14 -8.00302237597452E-14
 -3.99551818045860E-01 -9.74694433116282E-14  4.15377564437166E-14
* ORBITAL    1   29
  2.40438236459205E-14 -1.93313677117324E-13  2.05023424782581E-12  7.59248985432203E-02 -1.28804218657827E-01
  5.26226945685393E-17  2.17947667857020E-15  2.80123489244578E-13 -1.05553743200548E-12 -4.39873263420126E-06
 -2.37743760661157E-16  1.47429173738142E-13  4.21049397482211E-01 -7.08116793932700E-14 -3.24005809643828E-14
  1.63794492224309E-13 -1.81836195151847E-12  7.59286702618029E-02 -1.28822909093975E-01 -1.12220253948273E-16
 -3.15505115330528E-15  3.25967827662685E-13 -1.19663585409307E-12  2.27605830176899E-06  4.72046805582513E-17
 -1.66948078875356E-13 -4.21091414301631E-01 -1.30193267950645E-15 -1.23877940694201E-13  3.55684995904270E-15
  3.04700985670004E-01 -6.62947992916239E-14  5.13202679300080E-14 -1.23060500934036E-13  4.61213018019662E-15
  3.04711323319418E-01  6.60668791433377E-14  5.12183785324062E-14  3.66463981940775E-14 -5.93837469657306E-14
  3.04706792696241E-01  6.89070485056356E-14  1.16119470782575E-13  3.38758305766472E-14 -6.07298152501159E-14
  3.04699100470430E-01 -6.82245396217760E-14  1.16408645693050E-13
* ORBITAL    1   30
  2.65595327032413E-06 -1.93907247962882E-05  8.04053133531375E-06 -3.89782528101880E-16 -5.00904891008608E-16
  7.38053331953421E-02 -1.87051690396204E+00  3.86104195646882E-06 -2.42841580986689E-05 -6.28409271840933E-14
 -5.14237730428557E-02  7.06872534900506E-06  2.26271929124770E-16  1.37085665404744E-05  2.69417398919234E-06
 -2.04095318491982E-05  1.65473366069644E-05  1.47002858185132E-16  1.49114245521974E-16 -7.37420014201420E-02
  1.87029697539749E+00 -1.62842272033299E-06  2.56257878333846E-05 -5.24521874796989E-14 -5.13630315470504E-02
  6.88718129744819E-06  1.68323508867499E-16  1.40004292231033E-05  4.68637004002191E-01  5.78279592349015E-01
 -1.55928763265475E-13  3.53481305450426E-01 -3.45063289974597E-01 -4.68606938050820E-01 -5.78298413250146E-01
  1.57092933369007E-13  3.53491708769396E-01  3.45100551064183E-01 -4.68520206904339E-01 -5.78223514298378E-01
 -1.57094306218780E-13 -3.53333362242301E-01 -3.44981103940120E-01  4.68552279810673E-01  5.78199538702477E-01
  1.57203557013151E-13 -3.53321163495272E-01  3.44941684185419E-01
* ORBITAL    1   31
  2.68647479461706E-06 -2.33060109368668E-05  3.45421962462561E-05  3.76638328194922E-16  1.24428860011413E-16
  1.45616082816451E-01 -5.51579540343525E-01  1.68650996545026E-05 -1.66422753737495E-04 -2.26924323112063E-14
 -1.71061511678011E-01  2.91913156319023E-05  1.68678791357960E-16  6.06755219959720E-05  1.73180983518763E-06
 -4.47935591910812E-06 -2.13674203437424E-04  2.26165434276451E-16 -8.83470207083217E-17  1.45649639434811E-01
 -5.52437631439135E-01 -4.73453792587228E-05  9.40922771832609E-05  1.90815096119841E-14  1.71092569117096E-01
  2.73406232261041E-05 -4.07835063843199E-16  4.45606028472211E-05  2.34035275549700E-01  1.86791631818332E-01
 -1.40801848719745E-13  3.92315469074567E-01 -2.86580567015164E-01 -2.33931362648463E-01 -1.86785997800258E-01
  1.40042784070424E-13  3.92347240778483E-01  2.86750668335597E-01  2.34228227741959E-01  1.87121663481170E-01
  1.33749090991040E-13  3.92464403276214E-01  2.86747310053535E-01 -2.34162427245233E-01 -1.87010242876407E-01
 -1.34829126535702E-13  3.92471258306191E-01 -2.86857904894324E-01
* ORBITAL    1   32
  1.45701906181992E-02 -9.84128598157724E-02 -4.98103922330674E-01  2.04949213603765E-14 -4.02265117679165E-13
 -3.84574887940322E-05  2.34304604317514E-04  1.83294359044406E-01 -7.55934858900117E-01 -5.27156106886533E-17
  3.02078265965034E-05  1.71372293522487E-01  8.56927131870058E-14  2.96434783856495E-01  1.45701628595104E-02
 -9.84034789048408E-02 -4.98247374553313E-01 -2.31422882207928E-14  3.63219760691547E-13 -1.60999093323392E-05
 -3.62573377830156E-05 -1.83290185981377E-01  7.55879022906626E-01 -2.56076886306609E-17 -2.78996326537418E-05
  1.71380012853419E-01  3.45599040994110E-14  2.96462494916371E-01  2.45504658172364E-01  1.62348904739195E-01
  3.26022440000486E-13 -6.16862612661453E-02  4.05018369375383E-01  2.45637085334524E-01  1.62522171853648E-01
  3.26215086312684E-13  6.15152554682998E-02  4.04890468833500E-01  2.45579113522532E-01  1.62452085080941E-01
 -2.47572324780286E-13 -6.16475224155552E-02 -4.04976338820279E-01  2.45606817623414E-01  1.62420521127444E-01
 -2.47373389806111E-13  6.15451805708178E-02 -4.04906129454350E-01
* ORBITAL    1   33
 -7.63308342790855E-14  7.63001398663013E-13 -8.46062549779993E-13 -1.64536495307509E-01 -5.32972149886607E-01
 -1.70607209909883E-16  2.23918181667905E-15 -1.06759119684999E-13  1.34313709664458E-12 -2.72484306330220E-06
 -1.75055399610524E-16 -6.24198379008621E-13  1.53053853441053E-01  2.78285264678426E-13 -1.25459071817041E-13
  1.10865648901292E-12  4.34819200246382E-13  1.64524537260699E-01  5.32958954939454E-01  5.39520528789490E-16
 -2.28619379364575E-15  2.03236573597126E-13 -1.94789981547784E-13 -3.19254004072554E-06  2.24837335352832E-16
 -5.81469734140066E-13  1.53075080024936E-01  4.86668990218666E-13 -6.91780363144130E-14 -1.49385208714487E-13
  5.40056081025036E-01  4.37126082653428E-13 -4.63470657629636E-13 -6.82393944244730E-14 -1.48039915437606E-13
  5.40055733396564E-01 -4.37474664534451E-13 -4.63997279054749E-13  7.61836868601751E-14 -1.07765818760034E-13
 -5.40027132253344E-01  4.23361347778084E-13  9.06822293716305E-14  7.53693461336466E-14 -1.09033405551467E-13
 -5.40028899609114E-01 -4.22925167718860E-13  9.07634613972935E-14
* ORBITAL    1   34
  7.86577021057859E-02 -4.93186343404419E-01 -1.72335513941163E+00  8.12444986334361E-14  3.12138403321043E-13
  1.69528813676731E-05 -2.81353248978534E-05  1.88362992983819E-01  1.51289094951629E+00  3.97567273173456E-16
 -1.29973974928494E-05 -5.22364168398056E-02  1.97665934269635E-13 -2.47209237626376E-01 -7.86750537253527E-02
  4.93359550986651E-01  1.72326738552825E+00 -8.63114129130676E-14 -7.25470193958666E-14  1.74474519175546E-05
 -3.22857617404110E-05  1.88377320971754E-01  1.51279728749082E+00  8.75007873087369E-16  1.34902690329732E-05
  5.21318062767383E-02 -2.64680272700683E-13  2.47339907295703E-01 -1.52146072495027E-01 -6.80268049162911E-02
 -3.80032337240222E-13  4.20885681052825E-02 -4.89107367626017E-01 -1.52159537092188E-01 -6.80560589886141E-02
 -3.79388500308322E-13 -4.20580313721966E-02 -4.89113564547911E-01  1.52182709338936E-01  6.80512349764958E-02
  4.72910690017316E-14 -4.19715999893650E-02 -4.89085810939451E-01  1.52167281442962E-01  6.80195170176320E-02
  4.81747543297161E-14  4.20038575748790E-02 -4.89080644361162E-01
* ORBITAL    1   35
 -2.40417439640228E-06  1.57250079931246E-05  2.79726106245851E-05  5.38022336784476E-16  3.59999571853818E-16
  9.49022563817418E-02  1.19211697649155E-01 -2.19555301229035E-06 -3.99006683153378E-05  7.66683815620247E-14
 -4.14274856297257E-01  2.81605286557759E-06  6.00557626314167E-16  4.38480002720157E-06  3.08045688294563E-06
 -2.20255631831860E-05 -2.21805959191266E-05  6.12860084728684E-17  1.01576088306894E-16  9.49099330662424E-02
  1.19181883454461E-01 -2.01842445442385E-06 -3.84060382847095E-05  1.29571745745572E-14  4.14308770317394E-01
  7.07338176895254E-08 -6.72804743937476E-16 -8.21992800607856E-06  1.33577827765376E-01 -2.33822295033275E-01
 -1.37915423241680E-13  6.43279102449078E-02  4.01176507461137E-01 -1.33573116240575E-01  2.33836882146864E-01
  1.35746966741983E-13  6.43287573505569E-02 -4.01151133333811E-01  1.33591909066025E-01 -2.33835289360634E-01
  6.89787012821642E-14  6.43188426232381E-02 -4.01170347004437E-01 -1.33597267097051E-01  2.33817698825753E-01
 -7.03004061251014E-14  6.43228146968394E-02  4.01194901443321E-01
* ORBITAL    1   36
 -6.75216811041826E-02  6.05986612554110E-01 -2.86576758214065E-01  5.32274015688462E-13  5.71905930711037E-13
  1.25474847195379E-07 -7.20947624472070E-06 -3.63447299519758E-02  2.92189392907293E-01  1.70311502610938E-16
 -1.52654765097127E-06 -3.61451162216914E-01 -1.15644644777477E-13  4.38893687641569E-01 -6.74892449692091E-02
  6.05822409529073E-01 -2.87323286775498E-01 -5.73937881637632E-13 -5.44794685933526E-13 -3.46274665646374E-06
  1.70734852653901E-05  3.62164034612926E-02 -2.92778854029009E-01  1.98586437649516E-16  1.65857495377996E-06
 -3.61501333121344E-01 -2.01478648050156E-13  4.38847261592916E-01  4.95843832922906E-02 -1.89191229038230E-02
 -7.48791428774169E-13  2.69142460395466E-01 -7.72244754331989E-02  4.95805293570952E-02 -1.89216781253467E-02
 -7.48530921429098E-13 -2.69143032037482E-01 -7.72287678325685E-02  4.95432084353176E-02 -1.89660217051532E-02
  6.99445815282783E-13  2.69192219486864E-01  7.73768904018287E-02  4.95457635826807E-02 -1.89471012696303E-02
  6.98419927523008E-13 -2.69197179508616E-01  7.73824593476712E-02
* ORBITAL    1   37
  3.10865671282049E-14  1.37462863547519E-13 -4.49940761882476E-12 -2.13197644965669E-01 -1.33237874463891E-01
  3.81368942791935E-16  3.37919826605438E-16  5.18086435799550E-13  2.91564841299151E-12 -6.95059656708995E-07
 -7.76394073884839E-16 -3.68516781305843E-13 -4.90640018362782E-01  2.96201412209376E-13 -3.52358472754257E-14
 -7.29936457551902E-14  4.47602213345433E-12 -2.13198356665910E-01 -1.33253990544897E-01  1.84598762209704E-16
 -4.47518597357121E-16  5.14917879787139E-13  2.84224096158593E-12  8.78448471123716E-07  7.50932306849393E-16
  3.29633483995935E-13  4.90709293519776E-01 -2.36929953100285E-13  2.96731073116974E-14 -2.54181027467291E-13
  4.70419722894817E-01  5.92315390187923E-13 -3.54756258356218E-13  2.93645176341189E-14 -2.53361423932138E-13
  4.70419924147304E-01 -5.91458197631256E-13 -3.56080183527892E-13 -3.01929082530216E-14  2.47464289007055E-13
  4.70466170348694E-01 -5.58501591287387E-13 -3.09102334685874E-13 -3.09771676925294E-14  2.47712357405832E-13
  4.70466408973728E-01  5.59621078528455E-13 -3.08691152550428E-13
* ORBITAL    1   38
  2.65003502763280E-17  4.97113023512593E-16 -3.86535726667479E-16  4.04341369714862E-08 -2.91822941458769E-06
 -4.90062373823998E-13 -2.96732087717704E-13  1.81891077809135E-15  2.93669863895767E-16  6.68217920643570E-01
  7.92277104004283E-14 -1.23919912498114E-16  8.64021821319518E-07  9.02002431758533E-16 -1.51598049482503E-16
  8.90298490084614E-17  4.22805299842529E-16 -1.62115114679671E-08  2.83397667941629E-06  4.45845430714757E-13
  2.60318234615803E-13  2.26770036191400E-16  4.24605011612636E-16  6.68348688658016E-01  6.46396063988972E-15
  9.10859343149239E-16  3.25955972148853E-07 -1.01429366253137E-15  9.36385320712056E-14  3.52715458143670E-13
 -4.21588846655997E-01 -3.94853080021514E-13 -4.10064574067535E-13 -9.38182736308575E-14 -3.53239537459085E-13
  4.21592439773059E-01 -3.97074290610427E-13  4.10235552615955E-13 -9.06161152871430E-14 -3.16495784057522E-13
 -4.21672917099250E-01  3.91688204278662E-13 -3.59195265600503E-13  9.02259312456613E-14  3.17224110950546E-13
  4.21669478830642E-01  3.92364041494233E-13  3.59998382806465E-13
* ORBITAL    1   39
 -2.61029556424963E-02  3.66604402646030E-01 -2.99071494514559E+00  3.22571213754186E-13  5.41848594648315E-14
  1.11211930797152E-05 -1.05645496588078E-05  5.37886307283518E-01  1.79963461453271E+00 -1.20623590071731E-15
  5.56925310801633E-06 -2.35504876976746E-01  5.64144532173993E-13  3.54018254052627E-01  2.60988732139474E-02
 -3.66575078737351E-01  2.99070959625241E+00  3.62455460758836E-13  6.15424542740338E-14  1.32413661287126E-05
 -1.76809723398794E-05  5.37875953007873E-01  1.79962246634076E+00 -1.13525008068906E-15 -4.89357519328177E-06
  2.35508125676235E-01 -5.69187191333744E-13 -3.53957155690083E-01 -6.16297147106282E-02 -1.57282874232975E-01
 -4.55304653132797E-13  5.08559233530862E-01 -1.28306151615892E-01 -6.16204811403861E-02 -1.57304213924171E-01
 -4.56929534605541E-13 -5.08546943866336E-01 -1.28305330282242E-01  6.16321752046094E-02  1.57299417647649E-01
 -4.77713633611216E-13 -5.08516613309969E-01 -1.28289911740710E-01  6.16398889486877E-02  1.57272294215363E-01
 -4.79035701187541E-13  5.08531288073608E-01 -1.28289467658001E-01
* ORBITAL    1   40
  1.39328678658651E-06 -9.04524964373435E-06  9.58906023148813E-06 -3.16457443358126E-17  6.78867373932197E-17
 -7.70107554670130E-01 -4.98614030185045E-01 -1.10369764329635E-05 -9.53210533572322E-08 -6.31215187000511E-13
  1.58339327855976E-01 -1.01270342304636E-05 -5.73380051603629E-16  6.93862798445412E-07  1.41099387962783E-06
 -8.86456452273040E-06  2.40686085329108E-06 -1.38306916907280E-16 -1.32884689486635E-16  7.70114637076078E-01
  4.98602881264065E-01  9.68616661700205E-06 -5.91262938975834E-06 -4.01315169032766E-13  1.58319931590285E-01
 -1.10188413766141E-05 -2.92853622702478E-16  1.28869121940300E-06  2.71330275874968E-01  4.07925025915252E-01
  3.92125294346180E-13 -4.12523038569817E-01 -4.71647068682686E-01 -2.71319892015962E-01 -4.07931278292495E-01
 -3.91967378289650E-13 -4.12503137165413E-01  4.71650360296214E-01 -2.71331262785101E-01 -4.07914594394051E-01
  2.73686262987414E-13  4.12505345441600E-01 -4.71641048196321E-01  2.71341172040468E-01  4.07905837858510E-01
 -2.73648734350392E-13  4.12522798670449E-01  4.71638770012361E-01
* ORBITAL    1   41
  1.64327241407217E-02 -4.13744377102307E-02 -4.98844641048576E-01 -1.80356396825824E-13 -1.46466837404318E-13
  8.05859209728338E-06  4.43745060930199E-05 -3.46130697207150E-01 -2.10866214161987E-01  1.07568700552175E-14
 -6.10733266355397E-06 -5.94067236032359E-01  2.10476471902941E-12 -9.68384848568638E-02  1.64418401855766E-02
 -4.14342905858000E-02 -4.98526061719544E-01  1.50674619008208E-13  1.42966215052325E-13 -1.09255095341020E-05
 -4.39596886133548E-05  3.46093918756142E-01  2.11009290903772E-01 -9.64259070141798E-15 -4.49483708374721E-06
 -5.94117182404658E-01  2.11488763300118E-12 -9.68832766185544E-02  1.10318451711512E-01  2.27422476483287E-01
 -5.06560959638734E-13 -4.07990820734356E-01  2.67551204322253E-01  1.10332996819613E-01  2.27473744518458E-01
 -4.95652022123868E-13  4.08000273498600E-01  2.67533308927717E-01  1.10320191333358E-01  2.27459934478450E-01
  5.14684906515396E-13 -4.08019862876861E-01 -2.67568838297091E-01  1.10302989672181E-01  2.27409189128409E-01
  5.04935883158993E-13  4.08007232860349E-01 -2.67588589256883E-01
* ORBITAL    1   42
  1.41334862040982E-15 -3.05657269650900E-15 -5.28872938574671E-15  1.44019867533247E-07 -7.31118920694713E-07
  5.34303996497859E-13  3.94615506174043E-13 -5.30872427385055E-15 -4.23969225651891E-15 -7.72936047547664E-01
  3.73164874485846E-13 -8.32411414473138E-15  1.16876585885077E-06 -1.25723418436137E-15 -1.01705157909582E-15
  2.89571131238854E-15 -8.06899185474866E-15 -7.29278299191029E-08  1.12941034921939E-06  2.66332713307154E-13
  1.72845887720329E-13  3.38139545909405E-15  1.27142322960545E-15  7.72807943403840E-01 -4.01579172912817E-13
 -7.66389740990068E-15  7.25604858919597E-07 -1.59902483366346E-15 -3.53996127867133E-13 -2.90649470788284E-13
  3.86740097240776E-01  4.41474173235517E-13  3.24941348872707E-13  3.54195691659629E-13  2.96149269475005E-13
 -3.86740966799024E-01  4.51938576328898E-13 -3.17095879144666E-13 -2.22465771960699E-13 -1.48641531882332E-13
 -3.86674865939845E-01  3.12679645423781E-13 -1.84040437969917E-13  2.27283404925635E-13  1.55293002684941E-13
  3.86673787787621E-01  3.22849420808585E-13  1.77166872017429E-13
* ORBITAL    1   43
 -3.71427877313685E-14  2.53714015148888E-14  1.01015720717847E-12 -9.79426192783416E-02 -4.90422990620610E-02
  3.66510391888361E-16 -4.90912545179397E-16  7.83643167084540E-13  4.17867581668577E-13  6.86075313464640E-07
  1.39099015454613E-16  1.40647398587692E-12  9.05928089021084E-01  3.55705539475448E-13 -2.49951703884718E-14
 -3.15147429565706E-14  1.00405591649322E-12  9.79607671471523E-02  4.90478809773865E-02 -3.13777969379603E-16
  2.53291978208806E-16 -7.91870043091965E-13 -4.25002097766385E-13 -8.03199492433318E-07  2.02185654919806E-16
  1.46842815055079E-12  9.05867333487767E-01  3.63601942816850E-13 -2.10980675857876E-13 -4.55199128062820E-13
 -2.11942497288700E-01  8.20146777720165E-13 -6.79004909646057E-13 -2.12624540498385E-13 -4.56536421722090E-13
 -2.11941836533259E-01 -8.20622941457080E-13 -6.78493998569858E-13 -1.94481312121951E-13 -4.52777587162161E-13
  2.11915768690372E-01  8.11723291884261E-13  7.20961074578545E-13 -1.93076840184471E-13 -4.51749873244024E-13
  2.11914966999252E-01 -8.11076421704508E-13  7.21238963556675E-13
* ORBITAL    1   44
  1.50041161738787E-01 -9.89223109834984E-01 -4.23485859923131E-01  2.91120958430978E-14 -1.03166604617550E-14
  3.06706062452617E-06  3.14123032418240E-05 -5.18326577954626E-01 -1.82849795529036E-01 -1.47036765995398E-16
 -2.09118699675791E-06  1.83701131592279E-01 -1.47336893111756E-13  7.02776131910317E-01  1.50060898811606E-01
 -9.89327100715204E-01 -4.24090314031516E-01 -2.34261977730767E-14  1.12121147045836E-14  4.60034170398128E-06
 -3.12222705868406E-05  5.18511573675377E-01  1.82708163410186E-01  3.55459144462626E-16 -7.61842828286694E-06
  1.83812896512299E-01 -1.61596122435074E-13  7.03016686729617E-01  6.45765953506648E-01  1.96935171774882E-01
  6.52936376514070E-14 -5.89957712988486E-01 -4.76681950787767E-01  6.45776242009159E-01  1.96969606569447E-01
  6.52176015116959E-14  5.89961883963236E-01 -4.76690130008120E-01  6.45954486798492E-01  1.97046295494110E-01
 -7.20016916807259E-14 -5.90074627822746E-01  4.76831160212526E-01  6.45954593499118E-01  1.97010570882497E-01
 -7.15464706267677E-14  5.90080131489467E-01  4.76828340342499E-01
* ORBITAL    1   45
 -1.04134642866169E-04  5.91464043053774E-04  5.95843120140348E-04 -5.19595656893063E-17  6.91706646934991E-17
  9.37607838544758E-01  4.60320855822811E-01 -1.82707781590306E-04 -1.38610258035030E-04  4.15347444401103E-13
  7.82231398606518E-01  4.93698554328245E-04  4.86812255809228E-17 -1.94755376040366E-04  1.02939673245150E-04
 -5.83980909693227E-04 -5.93280989025827E-04 -6.14377508635445E-17  7.30230417193129E-17  9.37664653590017E-01
  4.60396311380687E-01 -1.85632682022125E-04 -1.38511837412833E-04 -4.17566675840695E-13 -7.82369229484108E-01
 -4.96674809949467E-04 -4.58370940053645E-19  1.90510431743027E-04 -7.05711791070894E-01 -3.15993969396397E-01
 -1.88932976733858E-13  6.36501245259749E-01  4.17746446595671E-01  7.05317918383707E-01  3.15806219121573E-01
  1.88868925292404E-13  6.36021571735021E-01 -4.17678094776164E-01 -7.05410425347003E-01 -3.15820243509288E-01
  1.91621692297202E-13  6.36087178215215E-01 -4.17694619759242E-01  7.05796178225748E-01  3.16004629056271E-01
 -1.91639535879940E-13  6.36559371448926E-01  4.17753503211779E-01
* ORBITAL    1   46
  1.89976590023740E-01 -1.07280755639105E+00 -1.07700561356602E+00  4.14503863192990E-14 -1.61916681476561E-14
  4.93371727883403E-04  2.55067065391975E-04  3.72498016949334E-01  1.87278341862841E-01  3.97473618334137E-16
  4.15283522442920E-04 -9.53428920173688E-01  3.19325216610218E-14  3.26786567103949E-01 -1.89969323237494E-01
  1.07275693582042E+00  1.07699115003386E+00  5.56406663448577E-14 -1.45360099613321E-14  4.93462419062617E-04
  2.60153439206335E-04  3.72528321728353E-01  1.87290355923601E-01 -7.04644135941106E-16 -4.15785140826887E-04
  9.53407087273071E-01 -5.94236601172266E-14 -3.26757750078706E-01  3.42498581204663E-01  2.07008564817600E-01
 -2.25783243476286E-15 -4.41091133324072E-01 -3.28650719079992E-02  3.43247277590878E-01  2.07364384629533E-01
 -1.95863841127627E-15  4.41764130781125E-01 -3.33111666614528E-02 -3.43221860362561E-01 -2.07356621244627E-01
 -7.52144675722097E-15  4.41733231756452E-01 -3.33025033203903E-02 -3.42471260567263E-01 -2.06995763801450E-01
 -8.26652758361730E-15 -4.41059829262564E-01 -3.28557265994392E-02
* ORBITAL    1   47
 -7.71689935881063E-02  4.27567932276377E-01  1.37190878414824E+00 -1.36140582445122E-14  2.00804957726374E-14
 -1.70742897050301E-05 -2.04232273197247E-05  7.32593509249845E-01 -1.71833329945842E-01  5.80581536308861E-17
 -1.70883701971577E-05 -5.80019056936877E-01 -2.26524386227540E-14 -8.41064531852016E-01  7.71271910432098E-02
 -4.27291251012259E-01 -1.37182191992768E+00 -2.28491922043625E-14  1.68851072291193E-14 -1.73650114320171E-05
 -2.35503353982715E-05  7.32473979878521E-01 -1.71883462216625E-01 -2.71338906471680E-17  1.83983781243473E-05
  5.79933854855748E-01 -1.58411981122908E-14  8.40868215618316E-01 -6.35267361901453E-01 -2.52088098952476E-01
 -4.85831877619902E-15  4.14133836169983E-01  5.17209171272405E-01 -6.35298378725012E-01 -2.52121248959800E-01
 -4.78998948622803E-15 -4.14159967237040E-01  5.17230100838784E-01  6.35132442814438E-01  2.52077061387855E-01
 -9.86912132909400E-15 -4.14021262920448E-01  5.17099877871127E-01  6.35099371313285E-01  2.52041046795946E-01
 -9.89539931484396E-15  4.13994138372579E-01  5.17078604909814E-01
* ORBITAL    1   48
  3.50995707270356E-07 -1.43526139481650E-06 -1.35065493153058E-05  5.75668322890468E-17  2.61580467229535E-17
  5.40160010843453E-01  7.52231700409908E-01 -2.12675123710680E-06 -5.11250441410503E-06  5.00330333890875E-14
  1.23135350874231E+00 -1.80821685104927E-07 -5.71409795737386E-18  2.97141785453109E-06  2.80869226211645E-07
 -1.17645541541562E-06 -1.04651597876763E-05  3.66347802574696E-17  3.42199713156250E-17 -5.40063022766720E-01
 -7.52172856038082E-01  1.23771531573485E-06  4.58352717138187E-06  3.35953377010158E-14  1.23125102163424E+00
 -4.71779924311310E-07  3.76652281215785E-18  1.99161381935946E-06 -7.47395889483987E-01 -2.64207301864822E-01
 -1.27567651814852E-14  5.70445090015949E-01  1.67930150982637E-01  7.47401366953745E-01  2.64220650628327E-01
  1.27795221896378E-14  5.70452115063442E-01 -1.67932001250620E-01  7.47322271566153E-01  2.64177899061326E-01
 -7.16727170008185E-15 -5.70384491895019E-01  1.67891300545542E-01 -7.47318477993084E-01 -2.64166796952825E-01
  7.19202565909383E-15 -5.70378942851928E-01 -1.67890320687357E-01
#OCC
* OCCUPATION NUMBERS
  0.00000000000000E+00  0.00000000000000E+00  0.00000000000000E+00  0.00000000000000E+00  0.00000000000000E+00
  0.00000000000000E+00  0.00000000000000E+00  0.00000000000000E+00  0.00000000000000E+00  0.00000000000000E+00
  0.00000000000000E+00  0.00000000000000E+00  0.00000000000000E+00  0.00000000000000E+00  0.00000000000000E+00
  0.00000000000000E+00  0.00000000000000E+00  0.00000000000000E+00  0.00000000000000E+00  0.00000000000000E+00
  0.00000000000000E+00  0.00000000000000E+00  0.00000000000000E+00  0.00000000000000E+00  0.00000000000000E+00
  0.00000000000000E+00  0.00000000000000E+00  0.00000000000000E+00  0.00000000000000E+00  0.00000000000000E+00
  0.00000000000000E+00  0.00000000000000E+00  0.00000000000000E+00  0.00000000000000E+00  0.00000000000000E+00
  0.00000000000000E+00  0.00000000000000E+00  0.00000000000000E+00  0.00000000000000E+00  0.00000000000000E+00
  0.00000000000000E+00  0.00000000000000E+00  0.00000000000000E+00  0.00000000000000E+00  0.00000000000000E+00
  0.00000000000000E+00  0.00000000000000E+00  0.00000000000000E+00
#OCHR
* OCCUPATION NUMBERS (HUMAN-READABLE)
  0.0000  0.0000  0.0000  0.0000  0.0000  0.0000  0.0000  0.0000  0.0000  0.0000
  0.0000  0.0000  0.0000  0.0000  0.0000  0.0000  0.0000  0.0000  0.0000  0.0000
  0.0000  0.0000  0.0000  0.0000  0.0000  0.0000  0.0000  0.0000  0.0000  0.0000
  0.0000  0.0000  0.0000  0.0000  0.0000  0.0000  0.0000  0.0000  0.0000  0.0000
  0.0000  0.0000  0.0000  0.0000  0.0000  0.0000  0.0000  0.0000
#ONE
* ONE ELECTRON ENERGIES
  0.0000E+00  0.0000E+00  0.0000E+00  0.0000E+00  0.0000E+00  0.0000E+00  0.0000E+00  0.0000E+00  0.0000E+00  0.0000E+00
  0.0000E+00  0.0000E+00  0.0000E+00  0.0000E+00  0.0000E+00  0.0000E+00  0.0000E+00  0.0000E+00  0.0000E+00  0.0000E+00
  0.0000E+00  0.0000E+00  0.0000E+00  0.0000E+00  0.0000E+00  0.0000E+00  0.0000E+00  0.0000E+00  0.0000E+00  0.0000E+00
  0.0000E+00  0.0000E+00  0.0000E+00  0.0000E+00  0.0000E+00  0.0000E+00  0.0000E+00  0.0000E+00  0.0000E+00  0.0000E+00
  0.0000E+00  0.0000E+00  0.0000E+00  0.0000E+00  0.0000E+00  0.0000E+00  0.0000E+00  0.0000E+00
#INDEX
* 1234567890
0 ii22222222
1 2222ssssss
2 ssssssssss
3 ssssssssss
4 ssssssss
