0.000000000000000000e+00 -9.601606372964538423e+02 -9.601606372964538423e+02
9.000000000000000222e-01 -9.602681437025820514e+02 -9.601202471520031168e+02
9.020000000000000240e-01 -9.602694461290690242e+02 -9.601819498711814731e+02
9.040000000000000258e-01 -9.602727173754899468e+02 -9.601812481407508812e+02
9.060000000000000275e-01 -9.602469247144172186e+02 -9.601497900299997355e+02
9.080000000000000293e-01 -9.602565521394844836e+02 -9.601365433387192070e+02
9.100000000000000311e-01 -9.602407955375088022e+02 -9.601883155207982554e+02
9.120000000000000329e-01 -9.602394967230267184e+02 -9.601722065653392519e+02
9.140000000000000346e-01 -9.602524733049823453e+02 -9.601610968841838485e+02
9.160000000000000364e-01 -9.602600093190247890e+02 -9.601594975000990644e+02
9.180000000000000382e-01 -9.602571880705693275e+02 -9.601564074179173076e+02
9.200000000000000400e-01 -9.602483847907977861e+02 -9.601813544586475473e+02
9.220000000000000417e-01 -9.602558864185785978e+02 -9.601691817563864788e+02
9.240000000000000435e-01 -9.602606011244921547e+02 -9.601806326815832335e+02
9.260000000000000453e-01 -9.602416827536048913e+02 -9.601611253566766209e+02
9.280000000000000471e-01 -9.602440389460318784e+02 -9.601520428183189324e+02
9.300000000000000488e-01 -9.602497885755461766e+02 -9.601257803617569380e+02
9.320000000000000506e-01 -9.602383352801959973e+02 -9.601687840095659112e+02
9.340000000000000524e-01 -9.602502116195778399e+02 -9.601654581795309014e+02
9.360000000000000542e-01 -9.602421558034277496e+02 -9.601345180947090512e+02
9.380000000000000560e-01 -9.602573621024920385e+02 -9.601658444813241431e+02
9.400000000000000577e-01 -9.602419536158344044e+02 -9.601343324109816422e+02
9.420000000000000595e-01 -9.602172682543856581e+02 -9.601703518923119418e+02
9.440000000000000613e-01 -9.602186208078667278e+02 -9.601399507532302096e+02
9.460000000000000631e-01 -9.602493937625953322e+02 -9.601521175819897280e+02
9.480000000000000648e-01 -9.602534232452106835e+02 -9.601802903498523847e+02
9.500000000000000666e-01 -9.602476506459742041e+02 -9.601857538423843152e+02
9.520000000000000684e-01 -9.602502672009485423e+02 -9.601734687092115337e+02
9.540000000000000702e-01 -9.602504811770664901e+02 -9.601805851736839941e+02
9.560000000000000719e-01 -9.602269897808048427e+02 -9.601623059827915085e+02
9.580000000000000737e-01 -9.602380400651893524e+02 -9.601797705032951171e+02
9.600000000000000755e-01 -9.602286135411296755e+02 -9.601267043410213091e+02
9.620000000000000773e-01 -9.602391461105880808e+02 -9.601655318740536131e+02
9.640000000000000790e-01 -9.602391824452424771e+02 -9.601801564970722893e+02
9.660000000000000808e-01 -9.602329033253255375e+02 -9.601350754948989561e+02
9.680000000000000826e-01 -9.602208663329309957e+02 -9.601825600761957276e+02
9.700000000000000844e-01 -9.602255818495451649e+02 -9.601726663559335293e+02
9.720000000000000862e-01 -9.602238710466654084e+02 -9.601567456829562843e+02
9.740000000000000879e-01 -9.602107851238350804e+02 -9.601709135591703443e+02
9.760000000000000897e-01 -9.602231104547972791e+02 -9.601499523759792964e+02
9.780000000000000915e-01 -9.602192786728123792e+02 -9.601548290778941919e+02
9.800000000000000933e-01 -9.602171444637313016e+02 -9.601612095189296952e+02
9.820000000000000950e-01 -9.602269989202326315e+02 -9.601410642741843731e+02
9.840000000000000968e-01 -9.602061135223536894e+02 -9.601996420061947219e+02
9.860000000000000986e-01 -9.601943795889375224e+02 -9.601735446729697969e+02
9.880000000000001004e-01 -9.601792889129948207e+02 -9.601687305283656997e+02
9.900000000000001021e-01 -9.602016807555486366e+02 -9.601695337971832487e+02
9.920000000000001039e-01 -9.601906997600236764e+02 -9.601608053497125184e+02
9.940000000000001057e-01 -9.601667599307900218e+02 -9.601420436584861591e+02
9.960000000000001075e-01 -9.601839210771702255e+02 -9.601512282344052664e+02
9.980000000000001092e-01 -9.601865769085561624e+02 -9.601322197666169131e+02
