#INPORB 2.2
#INFO
* RASSCF average (pseudo-natural) orbitals (Not final)
       0       1       0
      40
      40
*BC:HOST mgt PID 6873 DATE Thu Oct  9 14:59:33 2025
#ORB
* ORBITAL    1    1
 -1.77459955137546E-03 -4.74715178422157E-04 -3.25828727940038E-04  8.99317381770161E-05 -1.89850300999808E-04
  4.74549755371091E-04  5.00776359480945E-05 -1.72421328809915E-05  4.39102981136109E-05 -5.28039965054661E-04
 -8.58913646548607E-04  1.41118632548747E-03  5.61108606183791E-07  7.89896489957244E-08  4.33438423170876E-07
  2.70090948018277E-08 -8.62621986030439E-06  5.34901086688013E-05  5.34479760282118E-08 -7.34167379423719E-07
  6.10926066301848E-07  3.69576115887575E-08 -9.46623655351326E-05  1.16877994130226E-04 -2.76363485586678E-04
 -3.60845217725481E-07 -5.36145565872877E-06  1.44612661426638E-08 -4.85373795655679E-07  1.31493427672838E-04
 -1.30917781842785E-03  9.99880414114479E-01 -7.15888710313076E-04  2.24865301554341E-03 -1.62589972181733E-05
 -2.62028292651582E-05 -1.91141949020363E-06 -2.74033382888862E-06 -1.92540606308806E-03 -2.23879652765760E-04
* ORBITAL    1    2
  2.87298288338145E-03 -9.30264142347532E-04  1.27115678367082E-04 -1.10494255056497E-05  1.21077682483554E-04
 -3.01503411582727E-04  4.85572345403162E-05 -1.74075581716231E-05  4.15530079067309E-05  1.79788366061172E-03
  4.06250951957609E-04 -1.34223738091124E-03 -1.88844006764691E-07 -6.23979212240109E-08  7.53367226681780E-07
  3.55905159869493E-07 -6.62741751548219E-04  5.02799699818066E-04  4.01284110078599E-07  6.24987576359721E-07
  2.61375100044519E-06  1.50260971316458E-06  9.99970154648657E-01  1.60369726659940E-03 -9.97284209911836E-04
 -1.77163654954276E-07  3.29194478851701E-06  1.27667869406519E-06  9.64665880628454E-08  4.92179556524606E-03
 -7.88714623905365E-04 -8.06005566251772E-04  1.71790286643531E-03 -1.33126096862958E-04  8.52241439800424E-06
  1.55256397123687E-05  3.74873622795991E-06  7.04556743653204E-07 -6.49255889553824E-04  1.63736869275496E-03
* ORBITAL    1    3
  5.58319369409042E-01 -6.85530692591202E-02 -2.06437686998542E-01  2.58947566251473E-05  2.22578318483517E-05
 -5.47243830111500E-05 -6.87999038379296E-05  4.67890371478560E-04 -1.17879319216413E-03 -1.24406343870987E-01
 -5.81668071057997E-01  1.00328428777558E+00  1.41725248408358E-06  3.12421608346996E-07 -5.16486598610597E-05
 -9.36987955615814E-06 -2.46919997140241E-03 -4.51537724852607E-02  8.29540822941080E-07  3.02496773154293E-07
  1.58863550697947E-04  7.38372773552759E-05 -1.52409863069291E-02  2.54225209888031E-02  1.16712944975501E-01
 -9.89232131243132E-08  6.25277675081781E-07  1.73553938133158E-05  2.18694122220582E-05  3.05473112951030E-02
 -2.60076537546454E-01  4.73328659620830E-02 -1.05831914015230E-01 -7.98191665116467E-02  7.50865299614509E-07
  2.29276362556390E-06  1.32809634223859E-04  1.15758938973894E-04 -1.18574671277088E-01 -1.40089489776247E-01
* ORBITAL    1    4
 -1.61278551738003E-01 -1.13074119441897E-02 -9.98726660296162E-02 -1.63576466440309E-05 -1.48462842925806E-05
  3.67491601433778E-05  5.90286112219278E-04 -1.01871410594660E-04  3.23536109164088E-04  9.42163352590228E-01
 -2.06902836965673E-01  3.60887450753296E-01  8.74973966747443E-07  6.98967660285447E-08 -9.36197261829209E-06
 -6.81169519066744E-06  1.22210727020672E-02 -1.50438249661716E-02  1.82904495862886E-07 -5.87313323199857E-08
  1.07498466630020E-05  3.20494375453252E-05 -1.97649913709741E-02  4.02054361546786E-02  7.89515196920976E-02
 -2.90410809627490E-07 -4.66328325537256E-07  1.24753106074296E-05  1.30769266972811E-06 -2.56109268590240E-02
 -1.03511656577838E-01  1.85040822359937E-02 -4.14417301797749E-02 -2.83030734902083E-02 -1.78003435819494E-06
 -2.30950447580774E-06  3.05851612573162E-05  4.63986610961116E-06 -3.64002816962863E-02 -4.60506076300025E-02
* ORBITAL    1    5
  6.18780319698940E-05  1.01222201904243E-06 -2.31205232595350E-06  1.84452850379847E-01 -4.97014563689154E-01
  1.24103255854436E+00 -1.07812145944676E-05 -3.24349702845443E-04  8.06928810563192E-04 -1.90198178001139E-05
 -9.84004672015130E-08 -6.14032982712340E-07  1.30345403551713E-03  2.25711155910419E-04 -2.06793462388342E-06
 -1.84831573580449E-06  1.83461032668438E-07  3.24893003077317E-07 -3.27944143942772E-04 -2.15198186774429E-03
  1.18976551501020E-06  3.16919324560666E-07  2.35770684992285E-04  3.35373291579551E-06  4.09480167838693E-06
  3.57601235046675E-04 -1.37106883833112E-02 -5.60461003071081E-06 -9.94738522945045E-06  1.58148903430282E-06
 -5.11195960671476E-07 -3.88275634019889E-04  6.37159282668072E-06  3.83642341918113E-06 -3.81548936705174E-02
 -6.59067556656189E-02 -3.63741583347913E-05 -4.93324560099484E-05  9.06333626744478E-08  1.78028618472619E-06
* ORBITAL    1    6
  2.70483077020384E-03  8.91753760880869E-05  4.29386986143656E-04 -7.45721385029123E-05  3.17109787669936E-04
 -7.92824607444370E-04  1.55284857202220E-01 -5.00146193241365E-01  1.24698153332063E+00  2.23039700532982E-04
  6.82903334825975E-04 -9.83960648444077E-04 -1.38471058379015E-06 -3.39121172707634E-07 -5.04077593191986E-04
 -2.51698428120210E-03  8.54473472774063E-05  7.42095575087576E-05  1.74407641707529E-06  1.40621212494931E-06
  1.18338553953800E-03  2.55047741427652E-04 -7.19465181642389E-05  9.10992903087752E-05 -1.32744960902940E-04
  9.28296715827086E-06  1.08529423296548E-05  5.63760652426051E-03 -1.26763715488612E-02 -2.13940343947266E-04
  3.46279851982528E-04 -1.71179264021323E-04  2.98315795757359E-04  2.57313909293486E-04  4.79452305709079E-05
  5.58394238060184E-05 -2.34277189670893E-02 -5.74323246139240E-02  3.20145494679568E-04  2.50237597449781E-04
* ORBITAL    1    7
 -1.86280956795912E-02 -1.36777085727233E-02 -3.65359453613859E-02  6.19802306443938E-06  6.36845739098262E-06
 -1.55114183067091E-05  1.04814107978311E-04  1.21083627029386E-04 -3.11721941937565E-04  5.78518989133569E-03
 -7.72077321415740E-02  1.51620334996474E-01  3.98376913749528E-07  7.95147289095573E-08 -1.10153905883292E-05
 -3.02283407092787E-06 -4.05747339805118E-03  1.27272792639348E-02  2.44605018068456E-07  9.68056701265374E-08
  2.28544350476842E-05  1.82307205102574E-05 -1.01370726324149E-01  1.99545291496073E-01  5.28108314443316E-02
  2.49790509022195E-07  2.71590746671963E-07 -1.97752058853340E-05 -1.42413309942779E-06  2.40724969648874E-01
 -7.69318787710652E-02 -2.11291378974283E-01  4.48786192429953E-01  3.71770882138966E-01  1.20420125892948E-06
  1.19564275975325E-06  7.63280342044665E-06  1.55278015833066E-05 -2.13105876289140E-01 -2.20751809770657E-03
* ORBITAL    1    8
 -5.71686803628636E-01 -5.56713746366998E-02 -1.51490706307912E-01 -6.64963149368064E-06 -1.38469706993147E-05
  3.47740563919594E-05 -9.82189401192019E-04 -8.73654217016921E-04  2.13075076065152E-03 -1.76956268517825E-01
 -4.81790860213202E-01  8.08893951445787E-01  1.82012131337093E-06  3.30316179978934E-07 -1.37235515208861E-05
 -1.92352888511126E-05  5.66140454648741E-03 -5.47391405067666E-02  2.63430209223548E-07 -4.89773089708632E-09
  1.47949057432891E-04 -4.95014534156950E-06  6.84331032954830E-02 -1.60443183616210E-01  1.31113273525306E-01
 -1.02391813969202E-06 -5.35595954328060E-07 -1.14732161129520E-05 -1.14769898237111E-05 -1.48684684406214E-01
 -1.33305403994551E-01 -4.14383023115526E-02  8.27491031917848E-02  1.61329713550127E-01 -4.04044818309714E-06
 -3.63531485816927E-06 -1.01925474877595E-04 -1.34349692813339E-04  3.29145718667932E-01  1.08359305884954E-01
* ORBITAL    1    9
  5.76807301084950E-01  2.98010513142857E-02  1.45438596385907E-01 -5.82084238002608E-06  1.49715897279341E-05
 -3.79922176431733E-05  3.35847613123840E-04  1.18042071847691E-03 -2.87531731518182E-03  1.89727902309033E-01
  1.82106708740758E-01 -2.66816569916456E-01  7.41808725026926E-07  6.02418069717333E-08  1.75177554078494E-05
  1.52162620224503E-05  7.85966426846690E-03  1.14336290708738E-03 -6.19288042328261E-07 -2.15073916730486E-07
 -9.26529579548953E-05 -3.01843808824596E-05  6.12553124694508E-02 -1.38471505660321E-01 -1.68678604730150E-02
  1.60698525190108E-06  7.63872849656392E-07  1.23946578763733E-04  6.19048706707658E-05 -2.00186175611198E-01
  1.66422567542119E-01 -8.50555774137559E-02  1.89013784030912E-01  2.18690301936151E-01  5.31108963201226E-06
  4.40356502934830E-06  3.03692370388725E-04  2.79856482072816E-04  4.33113674971785E-01  2.44180384410632E-01
* ORBITAL    1   10
 -4.46685536087442E-04 -5.20270068632944E-05  4.66013103845110E-04 -1.31611683923878E-05 -2.01612418854010E-05
  5.05035652701836E-05  2.06822842100651E-02 -5.25299719875251E-03  3.24306177156406E-03 -1.22147140042929E-04
  1.22531495832485E-04  8.04456183024772E-05  1.31726976780323E-06  4.55211037136795E-07  5.39998661829947E-03
 -1.23762045888714E-02 -5.00169118529080E-05  2.05819243590631E-05 -2.32265613347391E-06 -7.07128282117982E-07
 -9.04321491603586E-04 -4.82805741526311E-04  2.30106458123503E-06  2.98497680784785E-05 -3.65553767181391E-04
 -1.94562074190092E-06 -2.18170062991479E-06  2.41056316080509E-01  4.92158455714239E-02  1.10054645727671E-04
  1.09461180569473E-04  2.72981026216633E-05 -5.00215599150815E-05 -1.19862643022375E-04 -1.69568199750412E-06
 -3.00797627384332E-06  6.36403277693359E-01  3.72584487203358E-01 -1.67786926154337E-04 -1.13236988265649E-04
* ORBITAL    1   11
 -6.46575153455783E-06  1.13556540112897E-06 -9.43106469526316E-06  1.43361144502176E-02 -1.73717747608208E-02
  3.28803364250912E-02  1.37629475217284E-05  2.10625030190250E-05 -5.09702279924568E-05 -2.11803252668671E-06
 -5.87996567643430E-06  5.91769108446136E-06 -9.64290056936485E-04 -4.93064415398164E-04 -1.45791134189648E-06
 -3.06579443994893E-07  1.11623841433916E-06 -6.24469201344884E-07  5.26947623390367E-03 -1.25007661304644E-02
  3.17428683141727E-07 -2.00973831721593E-07 -7.02567373691010E-07  1.48365921779206E-06  7.52328144392414E-06
  2.40991954308817E-01  4.89429188811403E-02 -6.43389536633871E-07 -8.14566308071706E-07 -2.33200514201809E-06
 -4.49689117378068E-06  2.78449060354521E-06 -1.67945523209991E-06 -4.26543344534296E-07  6.35923783570864E-01
  3.71292468263887E-01  3.45238266140397E-06  3.41713537007480E-06 -1.05795976828474E-07 -3.81016428525129E-07
* ORBITAL    1   12
 -7.89675135144999E-07 -2.79384926433789E-07  1.02313615803143E-05 -2.46608364716838E-02 -1.45261554223507E-02
 -1.01082551153245E-02 -6.44251191240696E-06 -1.46382279483260E-06 -4.59061224086780E-08 -2.58129640476980E-07
  4.12917778245674E-06 -5.66460786319504E-07 -1.95540782315037E-03  3.66858785622985E-03 -6.15266484257588E-07
  2.00661350911762E-07  3.34749688933498E-07  1.13395605801785E-06  8.08524683002549E-01  2.37144343919259E-01
 -8.73427946895430E-07  2.19404259858675E-06 -3.99129825578869E-07  1.56235934169950E-06 -4.87153707757756E-06
  2.22952464748102E-01  1.59104137225199E-01  3.81526182871453E-06  3.34309450627772E-07 -1.21214142223877E-06
  3.71645667215649E-06  1.52616727148542E-07 -2.72604923027436E-07 -1.99337958446394E-06 -1.26355242441779E-01
 -1.45641324513246E-01  1.30745619901043E-06  6.07856619892449E-07  3.63954466251561E-07 -3.33023002741234E-07
* ORBITAL    1   13
 -1.51486501863269E-05 -1.42227540083769E-04  3.88255966074356E-05  4.71316029934848E-06 -3.78823081537590E-06
  1.83260332804852E-06 -2.58260237621692E-02 -1.47430672932095E-02 -9.67858199273988E-03  6.72921878848093E-06
 -1.51868259053395E-04  9.71416330036925E-05  1.40833388732839E-06 -2.53520734035513E-06  8.08428959252225E-01
  2.37112663209666E-01 -3.90651997157504E-05  5.43683540347103E-06 -7.97637506778062E-07  2.98947768258057E-08
 -1.82358469590092E-03  3.43957056369967E-03 -2.49422657635627E-05  1.13227031160698E-04  9.72706945746482E-05
  1.74595283861386E-06 -2.25094864518910E-07  2.23050023295850E-01  1.59251185143696E-01 -6.26434378556384E-05
  1.16884818523933E-04  8.73536651385302E-06 -6.89523254733654E-06 -1.07319381417463E-04  1.44802802560579E-06
  9.79684929773626E-07 -1.26502327123224E-01 -1.45780117623188E-01 -1.90474101684144E-05 -2.99767663448228E-07
* ORBITAL    1   14
  1.20364339743094E-03  5.39087491531373E-03 -5.16178395805443E-03 -3.29298783539459E-06  5.82166753546584E-07
 -8.49962886918000E-07 -3.57944391195654E-03 -4.57621650572633E-03  1.47171170076552E-04 -1.10308986095244E-04
  2.20050666369295E-03 -1.18923601098514E-03  3.61757259228481E-06  2.88585269085284E-07  5.35395542347492E-04
 -2.24914004329582E-03  2.15746714926218E-03 -1.97579725467963E-03  1.10265557277144E-06 -2.58892688130894E-06
  9.26075262914869E-01  1.93455985501858E-01  8.51454885969839E-04 -4.87523270822503E-03  1.93005277167244E-03
 -1.31329044416973E-07  1.17157325168403E-06  1.37403838230818E-03  3.41390271774884E-03  4.10176552213525E-03
 -5.29425991246416E-03 -2.20372612075087E-04  1.26256612313949E-04  2.17795309188182E-03 -2.03058206295059E-07
 -1.70095104735969E-07  2.03481261202214E-04 -6.21136089167321E-04 -5.68777853769124E-05  6.98534403251794E-04
* ORBITAL    1   15
 -1.24492279669330E-05  1.85111113040735E-06  5.57964226922599E-05 -3.51511588539880E-03 -4.88629084334867E-03
  2.45844135198632E-04  3.40277751709329E-06  4.46972362446871E-06 -8.02279543401221E-07 -1.33633899658479E-05
  1.75741747006908E-05  4.24952754458597E-06  9.26299541983456E-01  1.93040527117821E-01 -1.74357494726401E-07
  1.27553896645599E-06  9.63825695047398E-06 -9.94400609218042E-06  5.65299005667349E-04 -2.35125651179716E-03
 -3.96873684562176E-06  8.78261043118551E-07 -1.24538300610365E-05  5.73534989421143E-05 -3.22274788251276E-05
  1.39975710761144E-03  3.68598369761041E-03 -1.34975935631478E-06 -2.68641325287752E-06 -5.09494040159479E-05
  1.79527065552234E-05  2.36755858166726E-06 -4.91519897258641E-06 -2.54524590116811E-07  2.10128762973727E-04
 -6.98389888717526E-04 -6.10123402971462E-07  3.15254698088728E-07  4.56546726265044E-06 -9.17237375260192E-06
* ORBITAL    1   16
 -6.29323231046650E-02 -1.32398180569198E-02  1.36812312808176E-01  2.83761928032825E-05  3.59264212777940E-06
 -9.62256083796684E-06  3.64726149051648E-04  2.84097223259209E-04 -3.21623435773164E-04 -2.38322924533154E-01
  7.90691474084698E-01 -1.99879235434591E-01 -5.88322141432326E-05 -8.29835137986869E-06  1.54526003629335E-05
 -5.57595056790330E-05  8.82135681538997E-02  8.19843750167195E-02 -2.28787564261212E-06 -1.32775043429757E-06
  3.22500081502928E-03 -3.30363153173057E-03 -1.43999343222461E-01  3.43447876316831E-01  8.54062529734516E-02
 -3.77543200698882E-07  4.12877846546515E-07  7.69194272440173E-05 -7.47907255617266E-05 -3.69168858349037E-01
  1.71405296945663E-01  3.60193806080840E-02 -7.41377313408540E-02 -1.81514932336555E-01 -3.37069159022904E-06
 -1.83652452601136E-06  3.61480527542496E-05  4.89098237868520E-05  1.30356533441934E-01  6.80623407540085E-02
* ORBITAL    1   17
  8.63048702504457E-04  6.68143329384008E-04  1.64992215590119E-03 -5.81519773644675E-04  1.50921557615588E-06
 -1.00079857312823E-05 -9.66208113410074E-01  4.05403810067119E-01 -1.09100101426799E-02  7.10441745482972E-04
  1.37061612205168E-03 -7.06314779613585E-04 -5.40118532547227E-06  1.19475268076361E-05 -6.63409747921635E-02
 -5.20943506161328E-02  4.44418111886357E-04 -3.46767905468924E-04 -7.12448524037417E-06 -4.50760445719857E-06
  5.11228634715301E-03 -1.67726319448283E-02  2.16404456915882E-05  1.29286116476209E-04 -1.08577341963516E-03
  2.58994331816366E-06  1.30031768397256E-07  9.89361744986026E-02  1.64888739487930E-02  2.27777806353924E-04
  2.10500883693235E-04  4.18222745517760E-05  2.28401218180182E-06 -7.43286959849376E-05  2.26611647405724E-05
  1.50852904735941E-05 -4.47488420750270E-02 -4.54251883197516E-02 -1.84921242742601E-04 -1.01439573032027E-04
* ORBITAL    1   18
 -1.89763738229500E-05 -3.81250723561872E-06 -4.33002037449700E-05  9.61799763346363E-01 -3.91934022029311E-01
 -2.26237949565337E-02 -5.72662227413237E-04 -1.43646631540726E-05  4.24816221049582E-05  2.52449586529102E-05
 -7.93775397525270E-06 -2.05243732744094E-05 -5.41445945445354E-03  1.71577942031500E-02 -3.25851200179917E-06
 -3.89596577195868E-06 -6.67762804515930E-07 -3.74610376948760E-06  6.57321894083097E-02  5.14161858761024E-02
 -4.65353957920388E-06  1.14714222179125E-05 -2.44897354365936E-05 -1.60377661244957E-05  1.29737734151830E-05
 -9.71677086592269E-02 -1.57510423874405E-02 -1.13739652451677E-06 -6.26565643693860E-06  5.67221265196119E-06
 -8.65402560110108E-06 -1.90706282318797E-05  2.83330291587009E-06  1.23932098048680E-05  5.16627123365158E-02
  5.07254811505559E-02  2.66067576330528E-05  1.73266978465197E-05  5.40461518292323E-06  5.60092803984237E-06
* ORBITAL    1   19
  1.14436172886718E-01 -7.13173515749258E-02 -1.31789779018520E+00 -4.16858129089779E-05 -1.15053749074956E-06
  4.06153897232547E-06 -1.51351763236231E-03 -2.94988178918452E-04  3.66661137064966E-04 -4.15042380403398E-02
 -3.41117899907520E-01 -1.50992377391423E-01  3.01196445322672E-05  2.08479150672306E-05  3.67936806648229E-05
 -1.48053261288780E-05  7.41381471801392E-02  4.06043590025586E-02  6.31911008144042E-06  5.55046246041595E-07
  4.35951253457804E-03 -8.38351835859639E-03 -2.23169659953191E-02 -9.23374640418514E-02  7.75350197538220E-01
 -5.01278092546399E-07 -6.02131933297633E-07  1.67244050595459E-04 -1.99937164934446E-04 -3.23947789452006E-02
 -3.19281152240080E-01 -2.18343931350960E-02  2.47541158946922E-02  1.74248668330495E-01 -2.13791715202487E-06
 -1.18972913294098E-06  2.59886018543465E-04  1.93666534697378E-04  3.68826857691106E-02  1.00487439300906E-01
* ORBITAL    1   20
  7.75840068208207E-06  6.86956576374785E-07  2.28374700938452E-05 -2.59691582989214E-01 -7.25289399164301E-01
  3.32055075507058E-01  2.50686215306374E-04  1.99511739341066E-07 -1.76308812087232E-05 -1.12585347933743E-05
  5.23417174000364E-06  9.50151622004056E-06 -1.14986351340184E-02  1.89944079669601E-02 -7.50722759437593E-06
  8.43864599769616E-06  1.03883972215011E-06  4.09184608094019E-07  3.00760298350773E-01  1.46196579363849E-02
 -6.58048947105884E-06  1.40836869954076E-05  1.06287429783974E-05  1.02054238412057E-05 -1.25843913752534E-05
 -3.98223435660451E-01 -2.19084991551380E-01  2.83519808165610E-06  7.78792358722954E-06 -5.15595980196222E-06
  4.23898741859441E-06  8.26705265005312E-06 -1.06389246932344E-06 -3.19912239610638E-06  2.16769942303370E-01
  2.25482095727826E-01 -1.39695910022747E-05 -1.11101751494656E-05 -2.61793891836199E-06 -4.14289030146922E-06
* ORBITAL    1   21
  2.06795678455814E-04 -5.59007921281818E-04  1.74201126656645E-03 -2.59327602754206E-04  5.29705490062321E-06
 -4.88047393061035E-06 -2.61592105938405E-01 -7.18178115752728E-01  3.16607719013442E-01  3.93650220515928E-04
  4.50222338495813E-04 -2.06229397498439E-04  7.66784851945044E-06 -1.32675589787973E-05  3.00557038271976E-01
  1.50812198562272E-02 -3.43828305593834E-04  6.90997679852261E-04  2.82828181709527E-07 -1.16388762274560E-07
 -1.13681823926992E-02  1.87436518497381E-02 -9.80077045749102E-05  3.81540089135486E-04 -6.10937116526809E-04
 -5.80624222327936E-06 -3.25695020951219E-06 -3.97642141620071E-01 -2.19761774870400E-01 -2.59064353108025E-04
  1.00853817495528E-03  6.27184132193120E-05 -2.52516839914217E-05 -5.80569162653540E-04  1.18815064499431E-05
  8.83608413418968E-06  2.20108250906701E-01  2.28252475470305E-01 -3.82651260799349E-05 -5.10653281298211E-05
* ORBITAL    1   22
 -3.50651297311814E-02  3.46668747439454E-01 -5.14850322912302E-01  1.29393601410432E-05  3.07910504572399E-07
 -4.57391562336674E-06  1.28498280772055E-04 -6.78413535742906E-05 -7.97751316614829E-05  2.43734036870119E-03
 -1.24779551698498E+00  2.86931082654726E-01 -3.52053406571889E-05  7.94192336235707E-06 -1.49864554045962E-05
  1.38631091359947E-05  2.21053006483227E-01  1.29684710257042E-01 -1.54229162097143E-06  9.66107012638938E-08
  4.61998000886175E-03 -7.79520603880577E-03 -9.07013959689672E-02  8.92728891111220E-02  8.95803410060072E-01
  5.43912134417198E-07  8.08842444979552E-08  2.21553630064790E-04 -1.53461562888731E-04 -2.07112009844173E-01
 -2.76762706823847E-01 -9.40224527540154E-04 -1.34541797946725E-03  6.09367614393320E-02 -2.37911144566900E-06
 -1.24995496270784E-06  2.58601701262230E-05  4.09038114625985E-05  3.69441954855770E-02  4.56748989260895E-02
* ORBITAL    1   23
 -3.35236255833328E-06  1.45476286943140E-06 -7.16198203647307E-06  5.47057473286674E-02  9.95142390253670E-01
 -2.93674411135340E-01 -9.37048362899073E-05 -1.64736901746411E-06  5.04358103530446E-06  4.05067078598518E-06
 -1.57257189196651E-06 -3.41616861231730E-06  2.78044242688504E-02 -5.28194731791301E-02 -2.06726188239130E-06
  1.41325166211031E-06  3.90560011223484E-06 -7.87729701058318E-07  4.28490780973231E-01 -2.45145940529538E-01
  1.52949286165898E-05 -3.53840838763199E-05 -4.30114274223319E-06 -3.23350485377068E-06  3.74260019606187E-06
 -4.56918466438436E-01 -4.60270611525904E-01 -3.02433328026553E-06  1.01954489002442E-05  2.32185444002422E-06
 -3.23833647332831E-06 -3.23663880454115E-06  4.31295015727939E-07  1.78231536077043E-06  1.82165244886773E-01
  2.75572180006641E-01  2.35708145429735E-06 -1.17476038410933E-06  1.41156943731601E-06  1.82396151449821E-06
* ORBITAL    1   24
 -3.03096919707896E-04 -2.09468368521802E-03  2.42031780204121E-03 -8.65512028648978E-05  8.57718139003222E-06
 -6.11496242715431E-06 -5.59063374001732E-02 -9.93332537281705E-01  2.87950466126011E-01  3.05615650201872E-04
 -2.46380613435161E-04  1.30245402609259E-04  1.98392621540506E-05 -3.68389169242543E-05 -4.28545953552298E-01
  2.44934492907914E-01 -1.25723292202824E-03  1.98043197557201E-03 -6.34328107329226E-06 -2.51510030807352E-06
 -2.68526865779366E-02  5.10374956008906E-02 -2.55097716931597E-04  1.02239132358937E-03 -9.05115728673291E-04
  1.00010335745209E-05 -3.28868562106812E-06  4.56959879572974E-01  4.60581121845376E-01 -8.02333682290774E-04
  1.98796715096063E-03  8.74402832594303E-05 -1.77083756489236E-05 -1.02292271145794E-03  1.60158735584899E-06
  1.42404729033486E-06 -1.80885102232287E-01 -2.74599588219652E-01  4.61755522315599E-05 -1.94786750473919E-04
* ORBITAL    1   25
 -6.64214634125526E-02 -4.79317771086604E-01  8.01136168872000E-01  1.71655642579918E-06 -2.17386546040358E-06
  1.35027359235443E-06  3.98707620630453E-04 -5.76711989396612E-04  3.03304950362198E-04  7.70421019459956E-02
  3.69672285796265E-01 -2.49285113028198E-02 -2.73414124826159E-05  7.32529786787259E-05  2.90406378060856E-05
  7.68812562467182E-05  3.78381763611263E-01  7.33647455423564E-01  2.04885339762843E-06 -8.97873688788977E-06
  2.61160291108187E-02 -4.83726110934674E-02  2.33046864110149E-02 -2.40086225391153E-01 -3.39057228190850E-01
  4.61363307521125E-06  1.49846782818749E-06  1.17285466759760E-03 -1.20810517727537E-03  2.42677198280274E-01
  5.07305518757053E-01  2.24101344823507E-02 -2.99509941627468E-03 -3.92684089075078E-01  6.64887484600895E-09
 -3.18638411151369E-07 -1.20290831866612E-04  1.21829669284696E-04 -1.52986350601305E-02  1.47499714283670E-02
* ORBITAL    1   26
  3.38679525497780E-02  2.11674569487821E-01 -3.68497496062285E-01  1.07101740430400E-06 -3.29671127849280E-08
  5.00444899924400E-07  4.41345281925272E-04 -3.45204409093259E-03  1.39478317567219E-03 -1.66806928475383E-03
 -5.17190587802947E-02 -1.10874059070030E-01 -4.19031026291202E-05  1.23108847985034E-04 -5.20427323563826E-04
  7.60840318466710E-04 -7.30973150235727E-01  7.17794512699379E-01  8.47833912293915E-06 -1.71958988615033E-05
  3.85208672396558E-02 -8.01528372556526E-02 -3.75199257127294E-03 -8.54376968623346E-01  1.48974476769912E+00
  1.17536510853981E-05 -5.35807724058970E-06  2.39549032260702E-03 -1.17123820159028E-03  6.52547189413550E-01
  2.71623570413358E-02  4.21444807826113E-02 -4.16582343634567E-02 -7.05605063330135E-01 -3.64308407814277E-07
 -7.83148474091543E-07 -3.45472165211136E-04 -1.11104747873375E-04  1.32650717103112E-01  4.03643516415995E-01
* ORBITAL    1   27
  1.50174220496831E-01  6.30978261698401E-01 -6.78028448421493E-01 -1.72162362893232E-06 -6.07705381767789E-06
  2.16142137065292E-06  4.09280944263111E-04 -3.50644520850953E-03  1.03064339728853E-03 -4.27724507773533E-02
  2.84730219037974E-01 -1.79442286280407E-01  9.98816367981638E-06  1.31536452838968E-05 -7.37364853161235E-04
  7.72727865695686E-04  5.60034773000191E-01 -8.63438111366007E-03  2.05192539756916E-06 -6.14853713547913E-06
 -3.04293616983212E-03 -7.24563097362373E-03  8.51987806273758E-02 -8.73221126411802E-01  1.01510088491058E+00
  7.89495954494682E-06 -1.31184809911502E-07  9.31934646133698E-04  9.47955539824907E-04  7.23479874165969E-01
 -3.97598966499440E-01  7.85918377820584E-03 -1.86754880806940E-02 -2.53362887596796E-01 -1.01333135887912E-06
 -2.57159958915488E-06 -3.02077214968892E-04 -4.82743038396050E-04  4.27011931875684E-02  3.13938834492594E-01
* ORBITAL    1   28
  6.94597449867517E-06  1.18501591130011E-05 -1.12662878052539E-05 -1.33457587791924E-02 -5.46104391984989E-01
 -6.50761696746969E-02 -4.14815802505372E-07  1.80547497750640E-05 -1.66310903306725E-06  3.59652741784700E-07
 -2.51060940305715E-07 -4.36325546044845E-06 -2.35728925768576E-04 -3.57894098429819E-04 -1.24339271212048E-05
  3.28514399985710E-05 -2.39019655975182E-06  4.30940953652807E-06 -2.01919245090821E-02 -1.35839750065495E-01
  1.10055052051115E-06 -2.62483434881608E-06  5.52309160941845E-07 -1.43370358282440E-05  3.17593979067857E-05
 -9.25490792422974E-01  1.55482347859419E+00 -2.38396594673474E-06 -2.86189045929928E-05  7.46568523833755E-06
  1.42039951778006E-05  9.08746319929271E-07  1.31149455370192E-06 -2.22608484615330E-05 -9.69375898085852E-02
 -1.88112804909094E-01  7.58409444012876E-07  1.15472436843381E-05 -1.34943756994620E-06  1.03579676449738E-05
* ORBITAL    1   29
  1.54283121476556E-04  1.68184402704302E-04 -1.39323300683608E-04  8.95428891212878E-08 -2.72911522457512E-06
  2.30642193905926E-07 -1.33448442654343E-02 -5.46019607968575E-01 -6.50815201905078E-02  4.87860219941571E-05
  2.41018000288026E-04 -2.62347861870108E-04  8.08828224597255E-07 -1.15973347537630E-06 -2.01743100245101E-02
 -1.35690274007057E-01 -6.72618283449417E-04  1.88913703362451E-03 -5.52550026141250E-06  9.63917340052364E-06
 -1.34020023510064E-04 -4.10536871370838E-04  2.44556535982004E-05 -1.75649695225471E-03  2.21752354798604E-03
 -2.36497679694624E-06  5.41623145959112E-06 -9.25676497980961E-01  1.55470510414849E+00  1.02994549973381E-03
  7.18673649212960E-04  6.88733767840192E-05  7.41261368677307E-05 -1.60286417639849E-03  1.94981641548407E-06
 -4.48635163645221E-06 -9.66844673053973E-02 -1.88167327503360E-01  5.79849303745645E-05  6.46822945568232E-04
* ORBITAL    1   30
 -2.52220948941471E-03  3.47861975147792E-03  5.61419768726939E-03 -5.22763903113077E-06  4.78674470100501E-05
 -1.44037327311761E-05 -7.52063417703812E-03  7.09074746993916E-02 -2.07022562320914E-02  2.46866958175945E-04
  3.77910745450685E-02 -1.07251573277352E-02 -3.23389002424676E-06  6.89563792244211E-06  1.14222287263601E-02
 -1.22207786646060E-02 -4.06900459879474E-02  1.21394507770832E-01  7.89684439931094E-06 -8.56376811902885E-06
 -4.82475507168420E-01  1.02132922024312E+00  2.11983289887137E-03 -8.73363174546977E-02  4.77640647128910E-02
 -1.20396628966489E-05 -1.09305067504475E-05 -1.53203015974230E-02 -2.07661385935223E-02  5.82427291691339E-02
 -1.24716788906300E-02  1.26042937912026E-03  1.65309458462482E-03 -3.18843796797750E-02  3.53734574256896E-06
  5.90512202368159E-06  4.76170492048906E-03  1.03854795170066E-02  9.17348339782393E-04  2.44431902398681E-02
* ORBITAL    1   31
 -8.34995263364169E-06 -3.84999531642513E-05 -1.82334438685072E-05 -7.78292338795526E-03  7.31665175990299E-02
 -2.13301954413480E-02  5.27573966429285E-06 -5.09940705257476E-05  1.46044891758931E-05  1.59321851367516E-06
 -1.14181932896161E-04  2.24470409259410E-05 -4.84472025404131E-01  1.02614285137085E+00 -8.78116352777572E-06
  1.00060310563290E-05  7.24685086007035E-05 -2.24859240304732E-04  1.18419332518850E-02 -1.25810155640600E-02
 -4.22588330552611E-06  9.08706383517468E-06 -7.79036766207264E-06  1.38637345066841E-04  3.92142189574345E-05
 -1.62345076010309E-02 -2.15608226203594E-02  9.00398099914737E-06  1.76205713869744E-05 -7.20260571155632E-05
  4.26440973111095E-05  3.01894236263122E-06 -1.81021772763549E-05  2.09383528572317E-06  5.07840273932973E-03
  1.08798140318044E-02 -2.63173597596223E-06 -8.88640969577821E-06  2.51253579887225E-05 -2.99690501620484E-05
* ORBITAL    1   32
  1.49568764076615E-02 -2.66797589115908E-02 -6.00919104519711E-02 -6.81090281808744E-08  9.93179766122523E-07
  4.49513098911426E-07 -7.49462787181193E-05  6.35839595303455E-04 -1.96241244792241E-04  1.49998307263705E-02
 -3.92719201015393E-02 -1.27940712417400E-01  9.73102817975615E-06 -2.15749756167377E-05  6.50275473652868E-05
 -7.43998657335313E-05  5.97886697582987E-02 -1.40576657625992E-01 -1.72329686557584E-06  4.47390125609689E-06
 -3.48031276350677E-03  8.30682104376327E-03 -4.17364334154570E-02  1.03262426065663E+00  7.51496640678589E-01
  3.53431032399797E-07 -3.10094288230428E-06 -2.33944710917638E-04 -1.00304242577183E-04  6.77971765600279E-01
  1.66359816684860E-01  9.23696679273479E-02 -7.27909501329251E-02 -1.05816550226955E+00  3.15770170754820E-06
 -2.43041925410694E-06  5.34907061457399E-05  8.50261767174413E-05 -3.19359381365143E-01  1.67331391698994E+00
* ORBITAL    1   33
  2.09200256323751E-06 -7.33919860690844E-07 -1.67531795143107E-06  3.14300542200026E-02 -4.34850898644123E-01
  5.11490797763321E-02  3.62989252862086E-07 -5.76444044506848E-06 -3.66739951296495E-07  2.87595595050969E-07
 -9.82651699624852E-06  1.20132501762117E-06 -2.66672425917354E-03  9.89019644720854E-04  4.42282209989106E-06
 -9.39468612058847E-06  5.31298521828510E-06 -2.11008019325813E-05  3.56609676064708E-01 -9.45186523916500E-01
 -2.82527305837455E-06  2.49817769355633E-06 -5.33088666009851E-07  1.77864511004941E-05 -2.26727429410699E-06
  3.43883136302382E-01  3.23005561436255E-01 -5.57209682656851E-06  7.62118974102577E-06 -1.38161345034072E-05
  1.07081116330283E-05  1.05346631622766E-07  1.73693806607811E-07 -1.04013872695179E-06 -5.73378119502512E-01
  4.02705130087492E-01 -1.10789337520108E-05  1.34237550410088E-05 -4.66099957045294E-06  1.86843016506868E-06
* ORBITAL    1   34
 -6.23682246452751E-05 -4.12900789621453E-05  1.06324734161930E-04 -4.51588533227213E-07 -5.46580778139097E-06
 -1.76130589140750E-06  3.14981377883500E-02 -4.35321830000076E-01  5.12721523714100E-02 -1.02151226505749E-05
  1.06178378212657E-04  4.77036220947755E-05  9.49359583195088E-07  9.72786253492439E-07  3.56767388270325E-01
 -9.45223165771070E-01  4.93022320971120E-05 -1.76317060245347E-04 -3.81316039015623E-06  9.80991458262692E-06
 -2.53549850889142E-03  8.95013973220602E-04 -2.31349566343198E-06  3.72542362299657E-04 -7.47506572292071E-04
 -2.64200840523873E-05  2.48211490275814E-05  3.43408001453736E-01  3.23188730835159E-01 -9.17009501142525E-05
 -3.69391796019959E-04 -1.60956019869353E-05 -5.94775370646239E-05  5.20379694826767E-04  6.06935862051030E-06
 -5.60244531567095E-06 -5.73265810059530E-01  4.02829740172689E-01 -3.25047985076040E-05 -8.69765309349615E-05
* ORBITAL    1   35
 -8.54457608734791E-02 -1.06044388058245E-01  3.87404186083032E-01  9.78939957769768E-08 -4.92934214732553E-06
  1.90113639225065E-07  2.46936964202419E-06 -5.96135685108363E-05 -1.54002858520836E-05  5.94746619934670E-02
  3.97814028888526E-01  1.15569607312628E-01  5.53552613240158E-06 -1.17435391126781E-05 -2.16380880312011E-05
  8.96325819529344E-05 -1.46155258237086E-02  3.29778816651286E-01  8.24406916503643E-07 -3.45114646775932E-06
 -3.66552329824827E-04  1.88706525406597E-04 -9.80243198091292E-02  9.20036367899311E-01 -1.60332160437778E+00
 -2.69619082690856E-06  7.87170287955346E-06 -2.11892015559871E-04  1.92971542358573E-04  8.27750275331605E-01
 -7.37334081877183E-01  1.23324458064498E-02 -1.57499116669829E-01  4.55938943813704E-01 -3.86758306627287E-06
  2.03691042893400E-06  2.30712280623215E-05 -5.93876817310743E-06  8.88222675364840E-01 -4.76315179601572E-01
* ORBITAL    1   36
  1.75142968441781E-05 -2.29380659737420E-05 -3.95460751356383E-05 -1.51459642960482E-07  1.45940057144404E-05
 -2.99507351255149E-07 -5.43509146554198E-03  7.57087227544022E-01 -1.21234388957506E-01  3.19727218170680E-06
 -1.52125315001907E-04  1.93059224989898E-05 -1.05210762731324E-06  7.55703711254209E-07 -2.31517437845747E-01
  8.16525032311275E-01  7.65427390928628E-05 -2.15358937211901E-04 -3.33752996665816E-06  1.13074010184345E-05
  1.43765790933032E-03 -8.35519103227520E-04 -6.27184890488713E-06  5.79453915374373E-05  1.81201000117918E-04
  1.10181158036809E-05 -2.96903354208706E-05 -1.28061393467217E-01 -1.35016198109458E+00 -1.20918558796869E-04
  1.80400133937134E-04  2.18188672809082E-06  2.68705452996428E-05 -1.28809175414657E-04  3.55087863723577E-07
  7.79802573227258E-06 -7.61398939056684E-01  1.51325438892021E+00  1.50342161571253E-05 -5.35448515752886E-05
* ORBITAL    1   37
  1.96354037536870E-06  2.49557252341644E-06 -5.53411495063058E-06 -5.39628899387692E-03  7.56923094705154E-01
 -1.21171075837277E-01 -7.37970229313795E-08 -2.40341216396971E-06  4.20435183034839E-07  3.14815495848937E-07
 -3.79595248925291E-06 -1.67749740156967E-06  1.52764572033973E-03 -8.98966728537087E-04  3.79469125285439E-07
 -2.80674039717798E-06 -3.92772070232583E-07  1.39664014692521E-06 -2.31420656564312E-01  8.16515679234763E-01
  1.06423918693076E-06 -6.51018409545558E-07  9.89165037852317E-09 -9.59178723897434E-06  2.60104020842728E-05
 -1.28158625120269E-01 -1.35029963084988E+00  1.84746503897805E-06  5.26779047292939E-06  6.53042806572354E-06
  8.35393198793949E-06  7.91583763414684E-07 -1.11307160942049E-07 -1.56346800960813E-05 -7.61324708099374E-01
  1.51334668672095E+00  4.55380566838595E-06 -8.28528775104416E-06  2.26812658643119E-06  4.86053356895414E-06
* ORBITAL    1   38
  4.47222311500446E-02  3.76398993923558E-01  4.49215692787896E-01 -4.42336461071803E-07  4.68671098279829E-06
 -2.10859792455586E-06  2.38336889719311E-04 -2.01869806944646E-03  6.20208888075698E-04 -4.53387197116790E-02
  1.28915174751492E+00 -8.78925269233214E-02 -4.22226560718881E-05  9.12755308447503E-05 -3.82167024545450E-04
  6.21544604481030E-04 -2.47867140440339E-01  1.00020459648643E+00  1.42592248906454E-06 -2.42594522002682E-06
  1.29035110922150E-02 -2.95016953731195E-02  6.29928648995255E-02  1.83961267898602E-01 -2.67221900300821E+00
 -3.11258621507568E-06 -7.35030667456876E-07  4.69396484537956E-04  3.40222191537090E-04 -2.77102336763034E-02
 -9.43086311091759E-01 -7.52504373879964E-02  6.37933832168859E-02  1.31823076673672E+00 -7.48972225165312E-06
  1.01098011287175E-05 -1.69338866904541E-04 -1.76423634229658E-04 -4.29035850371362E-01 -1.20705220798828E-03
* ORBITAL    1   39
 -4.92241130989764E-01 -8.96992120545957E-01  8.18566691585695E-02 -2.18166263790313E-08 -1.01627814247080E-07
 -8.17475503754200E-08  1.64337190147857E-05 -1.46417311373469E-04  4.52158884215080E-05 -5.55613429203151E-02
 -9.01673275049603E-01  1.71192908276602E-01 -3.24684099951679E-06  6.61941532508939E-06 -1.28237925545528E-05
  7.11612699876963E-06  5.50889000597722E-02 -3.99690802303851E-01  2.25262308123472E-07 -6.75647281006028E-07
  9.71899503308930E-04 -2.11600557760204E-03  2.07361166825531E-02 -3.09733197221661E-02  2.80342119878694E+00
 -2.35486915581575E-08  4.95935638476140E-07  6.12717081311444E-05  1.25707989725692E-05  3.06150924816598E-01
  2.54692914622334E-01 -1.02507315050158E-01  1.93229122361401E+00 -3.26890788460311E+00 -5.12782853235131E-07
  2.96623393259683E-07 -1.07863797223599E-05 -1.75197150900570E-05  1.02957112639408E-04  9.68666139078380E-01
* ORBITAL    1   40
  2.54594969960478E+00  3.83551857586285E+00 -9.19864375449815E-01 -4.48976415239790E-08  1.44508054549530E-06
  9.59130161026856E-08 -8.21125043818436E-06  1.09322057128400E-04 -1.84835085588167E-05  2.25584468898668E-01
  2.31466638965419E+00 -8.48978328900780E-01 -8.67596670965783E-07  2.17589758032604E-06  3.23918226268504E-05
 -5.05654091055390E-05 -4.51524313529349E-02  4.48495926906602E-01 -5.65487937193634E-08  6.14386610459136E-07
 -6.35885027322603E-04  1.40808469395309E-03  2.22780452152790E-02  9.35422362566128E-01 -2.72988191970628E+00
  1.72076110515641E-06 -3.00833543021737E-06  4.55963942934422E-05 -9.36873418450547E-05 -1.39170250530349E-02
  3.34873990082242E+00 -8.19552729175476E-03  8.76202108606972E-01 -2.24606178126600E+00  1.28068135227098E-06
 -8.41690729432093E-07  4.59075785912330E-06  1.77896682589051E-05  1.10465464634092E-01 -7.22900700162037E-02
#OCC
* OCCUPATION NUMBERS
  0.00000000000000E+00  0.00000000000000E+00  0.00000000000000E+00  0.00000000000000E+00  0.00000000000000E+00
  0.00000000000000E+00  0.00000000000000E+00  0.00000000000000E+00  0.00000000000000E+00  0.00000000000000E+00
  0.00000000000000E+00  0.00000000000000E+00  0.00000000000000E+00  0.00000000000000E+00  0.00000000000000E+00
  0.00000000000000E+00  0.00000000000000E+00  0.00000000000000E+00  0.00000000000000E+00  0.00000000000000E+00
  0.00000000000000E+00  0.00000000000000E+00  0.00000000000000E+00  0.00000000000000E+00  0.00000000000000E+00
  0.00000000000000E+00  0.00000000000000E+00  0.00000000000000E+00  0.00000000000000E+00  0.00000000000000E+00
  0.00000000000000E+00  0.00000000000000E+00  0.00000000000000E+00  0.00000000000000E+00  0.00000000000000E+00
  0.00000000000000E+00  0.00000000000000E+00  0.00000000000000E+00  0.00000000000000E+00  0.00000000000000E+00
#OCHR
* OCCUPATION NUMBERS (HUMAN-READABLE)
  0.0000  0.0000  0.0000  0.0000  0.0000  0.0000  0.0000  0.0000  0.0000  0.0000
  0.0000  0.0000  0.0000  0.0000  0.0000  0.0000  0.0000  0.0000  0.0000  0.0000
  0.0000  0.0000  0.0000  0.0000  0.0000  0.0000  0.0000  0.0000  0.0000  0.0000
  0.0000  0.0000  0.0000  0.0000  0.0000  0.0000  0.0000  0.0000  0.0000  0.0000
#ONE
* ONE ELECTRON ENERGIES
  0.0000E+00  0.0000E+00  0.0000E+00  0.0000E+00  0.0000E+00  0.0000E+00  0.0000E+00  0.0000E+00  0.0000E+00  0.0000E+00
  0.0000E+00  0.0000E+00  0.0000E+00  0.0000E+00  0.0000E+00  0.0000E+00  0.0000E+00  0.0000E+00  0.0000E+00  0.0000E+00
  0.0000E+00  0.0000E+00  0.0000E+00  0.0000E+00  0.0000E+00  0.0000E+00  0.0000E+00  0.0000E+00  0.0000E+00  0.0000E+00
  0.0000E+00  0.0000E+00  0.0000E+00  0.0000E+00  0.0000E+00  0.0000E+00  0.0000E+00  0.0000E+00  0.0000E+00  0.0000E+00
#INDEX
* 1234567890
0 iiiiiiiiii
1 i222222222
2 2222222sss
3 ssssssssss
