#INPORB 2.2
#INFO
* RASSCF natural orbitals for root number  1 E=     -229.024091602926
       0       1       0
      40
      40
*BC:HOST mgt PID 6873 DATE Thu Oct  9 14:59:33 2025
#ORB
* ORBITAL    1    1
 -3.83091422639968E-04 -4.75243676747744E-04  1.39018181729197E-04 -2.08869968785308E-18 -3.94118722630807E-17
 -2.25235819270533E-17  0.00000000000000E+00  0.00000000000000E+00  0.00000000000000E+00 -4.80810211902887E-05
 -5.70663678935374E-05  2.96222272500723E-05  0.00000000000000E+00  0.00000000000000E+00  0.00000000000000E+00
  0.00000000000000E+00 -2.64550724459146E-05  1.02939746717057E-04  9.91604845939242E-18 -3.48464353880128E-17
 -5.98522882958578E-10 -7.99064113848003E-09 -8.11469258601711E-06 -7.45457946795044E-05 -4.04836175747806E-04
  1.23550646542836E-17  5.02696806965549E-17  0.00000000000000E+00  0.00000000000000E+00 -6.15301744816725E-05
 -9.12216518676250E-04  9.99744824939661E-01 -5.23527606016458E-04  2.72043279912402E-03  1.23615356026788E-17
 -1.13103686848040E-17  0.00000000000000E+00  0.00000000000000E+00 -1.79668252618642E-03  3.54499440774341E-04
* ORBITAL    1    2
 -1.58028617393648E-04 -8.87529313301695E-07 -8.82542050495635E-05 -2.67816554164452E-17 -8.05723135913628E-16
  1.23702568311492E-16  0.00000000000000E+00  0.00000000000000E+00  0.00000000000000E+00  1.72759697980943E-04
  4.04650306979307E-04 -1.05592437914164E-04  0.00000000000000E+00  0.00000000000000E+00  0.00000000000000E+00
  0.00000000000000E+00  9.40409155581896E-05  7.29980354458694E-04  3.61443589899819E-16 -1.01741217749877E-15
 -7.17225721931879E-09 -2.44030405028739E-08  9.99137796264135E-01  3.26084378170599E-03  7.99153704916742E-04
 -1.22503413834019E-16  1.62379830852792E-15  0.00000000000000E+00  0.00000000000000E+00  2.85939685049795E-03
 -1.17976124304289E-03 -4.38301472014782E-04  8.25432780533274E-04 -8.77210531323322E-04  6.58918285534383E-16
 -1.74892613341946E-15  0.00000000000000E+00  0.00000000000000E+00 -8.65865884634316E-04  1.30086538431029E-03
* ORBITAL    1    3
  1.00395996043041E+00  1.33712451598392E-02 -4.50732700981711E-03 -3.56543827865827E-17  2.44390821628292E-16
 -1.40570911597364E-16  0.00000000000000E+00  0.00000000000000E+00  0.00000000000000E+00 -2.77851259871381E-03
 -5.01601998527547E-04  1.39863542121278E-04  0.00000000000000E+00  0.00000000000000E+00  0.00000000000000E+00
  0.00000000000000E+00  1.49178395760294E-02 -1.84376935655140E-03 -8.39602108336166E-17  4.31996693147495E-17
 -2.78263877377431E-06  3.99993478941311E-07 -1.48134191746416E-03  2.93179809770981E-03 -2.52236181171244E-04
  3.08346576459695E-17 -2.05274216100109E-16  0.00000000000000E+00  0.00000000000000E+00 -3.68435930096568E-03
  6.15392665801597E-04  2.22751777944476E-05  1.76115300018635E-05  6.54484866167401E-04 -4.41581311507778E-16
  7.01701668234764E-16  0.00000000000000E+00  0.00000000000000E+00 -1.64032064111707E-04 -1.63656988119045E-04
* ORBITAL    1    4
 -7.56050287856760E-03 -1.18599677004964E-02  1.70990184465937E-03 -4.55663756319701E-16  8.31331320558927E-17
  1.49560934462578E-17  0.00000000000000E+00  0.00000000000000E+00  0.00000000000000E+00  9.93067699580793E-01
  9.84781906260866E-03 -3.26347495812613E-03  0.00000000000000E+00  0.00000000000000E+00  0.00000000000000E+00
  0.00000000000000E+00 -2.72193685746191E-03 -4.40265688945083E-03 -6.18991911095770E-17  9.44590382590245E-17
  1.87618850632700E-07 -3.81828356198358E-07 -6.98548428966759E-03  1.52842858560512E-02  1.24978721903686E-02
  4.17030897333080E-17 -1.02295963378501E-16  0.00000000000000E+00  0.00000000000000E+00 -1.98181515029325E-02
 -8.06432087594399E-03  1.45482089931140E-04  4.14564621501137E-04  2.87610532992639E-03 -1.88630564722738E-17
  6.38758766500880E-17  0.00000000000000E+00  0.00000000000000E+00 -8.73018789657721E-04  2.00592969408357E-03
* ORBITAL    1    5
  4.91686017937553E-17  1.03294708725777E-16 -3.61994653663295E-17  9.96489492374724E-01  2.19068109968009E-02
 -8.09537584466590E-03  0.00000000000000E+00  0.00000000000000E+00  0.00000000000000E+00 -4.27019481117578E-16
 -8.56357001861965E-17  2.18418879732552E-17  0.00000000000000E+00  0.00000000000000E+00  0.00000000000000E+00
  0.00000000000000E+00  7.21990007094552E-17 -5.59455734182069E-17 -3.60984760664108E-03 -1.11072823757345E-03
  7.44269572230925E-19 -1.29378899216663E-18 -1.92486201646968E-17  6.49071697028762E-17 -2.20489832626713E-17
  6.39799474237564E-03  1.12371102971026E-03  0.00000000000000E+00  0.00000000000000E+00 -2.61143942055691E-17
  1.04861084858947E-16 -1.61738478979138E-17  1.16694659687523E-17  1.19513269057067E-17 -1.33204620617540E-04
 -2.63964521547791E-03  0.00000000000000E+00  0.00000000000000E+00  3.81430449733439E-17  4.44826979517614E-17
* ORBITAL    1    6
  0.00000000000000E+00  0.00000000000000E+00  0.00000000000000E+00  0.00000000000000E+00  0.00000000000000E+00
  0.00000000000000E+00  9.96492035441015E-01  2.18882813953944E-02 -8.08606618598392E-03  0.00000000000000E+00
  0.00000000000000E+00  0.00000000000000E+00 -7.44026445028067E-18 -1.65022445187816E-18 -3.61137015439899E-03
 -1.11118574307709E-03  0.00000000000000E+00  0.00000000000000E+00  0.00000000000000E+00  0.00000000000000E+00
  0.00000000000000E+00  0.00000000000000E+00  0.00000000000000E+00  0.00000000000000E+00  0.00000000000000E+00
  0.00000000000000E+00  0.00000000000000E+00  6.39988119937642E-03  1.12549092396636E-03  0.00000000000000E+00
  0.00000000000000E+00  0.00000000000000E+00  0.00000000000000E+00  0.00000000000000E+00  0.00000000000000E+00
  0.00000000000000E+00 -1.33638924284176E-04 -2.63982215397534E-03  0.00000000000000E+00  0.00000000000000E+00
* ORBITAL    1    7
 -4.92308585385243E-03  5.07802519742792E-03 -1.84495149788117E-03  3.07930932560352E-17 -5.82068685068587E-17
  1.24261596109817E-16  0.00000000000000E+00  0.00000000000000E+00  0.00000000000000E+00 -1.03630675016304E-03
  1.91338681640864E-02 -1.76457491694804E-03  0.00000000000000E+00  0.00000000000000E+00  0.00000000000000E+00
  0.00000000000000E+00  3.12029870523457E-03  2.43640115352913E-02 -1.07431935738387E-16  7.64498500988941E-17
 -3.90888043441511E-08 -9.66266141621825E-07 -1.10421054905243E-01  2.29026748657425E-01  4.32590569279265E-02
  1.35144462741348E-16  1.18025021521506E-17  0.00000000000000E+00  0.00000000000000E+00  2.23185037827383E-01
 -4.50445347589279E-02 -2.14074386011130E-01  4.64883678164023E-01  3.58637010086961E-01  2.05165159722171E-16
 -2.71551554160384E-16  0.00000000000000E+00  0.00000000000000E+00 -1.90721451665905E-01  7.60525293354485E-03
* ORBITAL    1    8
  3.74136521172590E-02 -7.95628511319339E-02  3.61384215086391E-02  9.51811315137267E-17 -6.46807027963849E-17
  2.03499161310960E-16  0.00000000000000E+00  0.00000000000000E+00  0.00000000000000E+00  7.29587748469573E-02
 -5.52579159578433E-02  2.79650511665055E-02  0.00000000000000E+00  0.00000000000000E+00  0.00000000000000E+00
  0.00000000000000E+00 -4.89230380394870E-02 -4.37138789734861E-02 -2.80655756135687E-16  4.86125672616725E-16
  9.93940493521078E-07  4.21646522405167E-06  1.70132543310775E-01 -4.18855363467284E-01 -2.26740401834047E-01
 -1.17135083466521E-16 -1.39021746652727E-16  0.00000000000000E+00  0.00000000000000E+00 -3.13005565707616E-03
  5.29604876198778E-02 -1.16448193400171E-01  2.59870907567355E-01  3.58090134844520E-01  3.01565136731626E-16
 -2.46064460968707E-16  0.00000000000000E+00  0.00000000000000E+00  4.27905429543331E-01  1.28096846996971E-01
* ORBITAL    1    9
 -5.02557325359341E-02  1.69401448002400E-01 -1.58909195172029E-02 -1.28917580440802E-17  3.55001735707260E-16
 -6.90177887092333E-17  0.00000000000000E+00  0.00000000000000E+00  0.00000000000000E+00 -1.35289974829647E-01
  8.59992360885848E-02 -1.50605518641142E-02  0.00000000000000E+00  0.00000000000000E+00  0.00000000000000E+00
  0.00000000000000E+00  1.03535466425929E-01  4.51114233599058E-02 -1.93705693901566E-16  9.60170832430908E-17
 -4.10261027764989E-06 -7.91059583050927E-06 -9.61864709705905E-02  1.96819897290150E-01  3.14383300958591E-01
  8.73829606976771E-17 -1.08518915567781E-17  0.00000000000000E+00  0.00000000000000E+00 -5.65817746603656E-01
  3.89707414760922E-02 -2.33290346206708E-02  5.22228044895810E-02  1.05203948222031E-01  2.58005582264250E-17
 -3.43354601016448E-19  0.00000000000000E+00  0.00000000000000E+00  4.24667453834920E-01  1.21367393812627E-01
* ORBITAL    1   10
  0.00000000000000E+00  0.00000000000000E+00  0.00000000000000E+00  0.00000000000000E+00  0.00000000000000E+00
  0.00000000000000E+00 -1.97329788845339E-02 -4.10744856461089E-03  6.73690303923687E-03  0.00000000000000E+00
  0.00000000000000E+00  0.00000000000000E+00  2.18460066073412E-17  8.36100151465624E-18  1.10334317890453E-01
  2.99754851538684E-02  0.00000000000000E+00  0.00000000000000E+00  0.00000000000000E+00  0.00000000000000E+00
  0.00000000000000E+00  0.00000000000000E+00  0.00000000000000E+00  0.00000000000000E+00  0.00000000000000E+00
  0.00000000000000E+00  0.00000000000000E+00  3.56621538988787E-01  8.87382776099704E-02  0.00000000000000E+00
  0.00000000000000E+00  0.00000000000000E+00  0.00000000000000E+00  0.00000000000000E+00  0.00000000000000E+00
  0.00000000000000E+00  6.07123008356975E-01  2.76300521843287E-01  0.00000000000000E+00  0.00000000000000E+00
* ORBITAL    1   11
  8.65544266421241E-17 -4.28986593036235E-17  7.15780571095389E-17 -1.97338896393683E-02 -4.13033567026920E-03
  6.74650381411315E-03  0.00000000000000E+00  0.00000000000000E+00  0.00000000000000E+00  8.35378640906439E-18
  9.18293561246237E-17  1.15712019671307E-17  0.00000000000000E+00  0.00000000000000E+00  0.00000000000000E+00
  0.00000000000000E+00 -8.14790078023668E-17  1.39864911478152E-17  1.10355137210793E-01  2.99688311385079E-02
 -1.68243053111174E-17  4.06586548713895E-17 -2.98296558138355E-16  1.09142753017337E-16 -3.43953585773093E-17
  3.56624907444874E-01  8.87813028522591E-02  0.00000000000000E+00  0.00000000000000E+00 -6.27551585366950E-17
  3.56000374538858E-17  5.49558588586711E-18  8.38750837561866E-17 -5.37656639162156E-17  6.07121012769312E-01
  2.76269974357898E-01  0.00000000000000E+00  0.00000000000000E+00  5.40246520391332E-17  2.14443228376978E-17
* ORBITAL    1   12
 -8.63739355639529E-03  2.88537244928545E-03 -9.77543429962876E-02 -2.97873990898398E-02  4.64757572729741E-01
 -1.17380027597558E+00  0.00000000000000E+00  0.00000000000000E+00  0.00000000000000E+00  8.51514040605491E-03
 -2.50338052604981E-01  4.80348345206963E-01  0.00000000000000E+00  0.00000000000000E+00  0.00000000000000E+00
  0.00000000000000E+00 -5.82108264238011E-03 -9.40164124460641E-03  1.16061116193477E-02 -2.80556228123233E-03
 -9.77210639425532E-04 -1.67571366528444E-04 -4.46757256726909E-04  1.84883536482918E-03  2.26126963123154E-02
  4.29807919268822E-05  3.01702029026787E-02  0.00000000000000E+00  0.00000000000000E+00 -1.58868336344747E-03
 -8.93475889735931E-02  4.40326919327588E-03 -1.41516266898663E-02  4.65508287020135E-03  2.58338482586732E-02
  3.44527916812804E-02  0.00000000000000E+00  0.00000000000000E+00 -5.66138672030239E-03 -3.69076875533775E-02
* ORBITAL    1   13
  0.00000000000000E+00  0.00000000000000E+00  0.00000000000000E+00  0.00000000000000E+00  0.00000000000000E+00
  0.00000000000000E+00 -4.92826638496139E-02  1.68977955681600E-01 -6.21764629901118E-02  0.00000000000000E+00
  0.00000000000000E+00  0.00000000000000E+00 -1.11335771423156E-02 -4.57896965754806E-03  6.35322935160689E-01
  3.02853648177114E-01  0.00000000000000E+00  0.00000000000000E+00  0.00000000000000E+00  0.00000000000000E+00
  0.00000000000000E+00  0.00000000000000E+00  0.00000000000000E+00  0.00000000000000E+00  0.00000000000000E+00
  0.00000000000000E+00  0.00000000000000E+00  2.41187176823397E-01  2.04023193293881E-01  0.00000000000000E+00
  0.00000000000000E+00  0.00000000000000E+00  0.00000000000000E+00  0.00000000000000E+00  0.00000000000000E+00
  0.00000000000000E+00 -3.09971895163518E-01 -2.46721856519474E-01  0.00000000000000E+00  0.00000000000000E+00
* ORBITAL    1   14
  2.53579269830499E-04 -7.10275992317460E-04  5.69068358228040E-03 -2.47933020078987E-03  1.00525671751770E-02
 -4.91601580652729E-03  0.00000000000000E+00  0.00000000000000E+00  0.00000000000000E+00  1.75191397111964E-03
 -1.48561305871092E-03  2.39411199621246E-03  0.00000000000000E+00  0.00000000000000E+00  0.00000000000000E+00
  0.00000000000000E+00  1.54138239677363E-02  1.15864332475989E-02  1.22304125910755E-02  5.66406344385191E-03
  8.75332099637467E-01  2.89922762068837E-01  6.07649233059831E-04 -3.33365468579203E-03 -8.66830147435210E-03
  9.20886130395757E-03  8.28001041297832E-03  0.00000000000000E+00  0.00000000000000E+00  2.24323897635981E-03
  1.55780170540407E-03 -1.39673334093842E-04  1.43406772328491E-04  1.39987609263821E-03 -9.85364220529926E-03
 -8.30384240801281E-03  0.00000000000000E+00  0.00000000000000E+00 -2.39300511499035E-03 -4.04693376437449E-04
* ORBITAL    1   15
  0.00000000000000E+00  0.00000000000000E+00  0.00000000000000E+00  0.00000000000000E+00  0.00000000000000E+00
  0.00000000000000E+00 -2.02471963972934E-03  7.83307771729530E-03 -3.83615714779508E-03  0.00000000000000E+00
  0.00000000000000E+00  0.00000000000000E+00  8.81882721175994E-01  2.79116708684259E-01  3.12021117660493E-03
  1.48409119889966E-03  0.00000000000000E+00  0.00000000000000E+00  0.00000000000000E+00  0.00000000000000E+00
  0.00000000000000E+00  0.00000000000000E+00  0.00000000000000E+00  0.00000000000000E+00  0.00000000000000E+00
  0.00000000000000E+00  0.00000000000000E+00  7.32075982499274E-03  7.15790483078650E-03  0.00000000000000E+00
  0.00000000000000E+00  0.00000000000000E+00  0.00000000000000E+00  0.00000000000000E+00  0.00000000000000E+00
  0.00000000000000E+00 -6.64007859278083E-03 -6.16390803223274E-03  0.00000000000000E+00  0.00000000000000E+00
* ORBITAL    1   16
  8.18683982952211E-02  7.06602349714919E-02 -1.50128533861129E+00 -5.51115319717228E-03  3.20830961774886E-02
 -2.44874985512139E-02  0.00000000000000E+00  0.00000000000000E+00  0.00000000000000E+00 -7.06717263265494E-02
 -4.44888930927155E-01 -1.38736481195092E-01  0.00000000000000E+00  0.00000000000000E+00  0.00000000000000E+00
  0.00000000000000E+00  9.92704355579436E-02 -7.26281771859616E-02  1.62267674286204E-02  5.71916929672761E-03
 -7.74518207643346E-04 -9.79398566219206E-04 -3.65539091697169E-02 -8.61992104391408E-02  9.56460026364965E-01
  7.73467831354682E-03  1.03235004575003E-02  0.00000000000000E+00  0.00000000000000E+00 -5.54793368895585E-02
 -4.74323393380571E-01 -2.06718047145747E-02  2.08108583412135E-02  2.18127797691632E-01 -1.22951498237861E-02
 -8.46088509195482E-03  0.00000000000000E+00  0.00000000000000E+00  1.87709495141929E-02  1.04375688124429E-01
* ORBITAL    1   17
  0.00000000000000E+00  0.00000000000000E+00  0.00000000000000E+00  0.00000000000000E+00  0.00000000000000E+00
  0.00000000000000E+00  3.21064095527211E-02 -4.98502966339608E-01  1.25686587647932E+00  0.00000000000000E+00
  0.00000000000000E+00  0.00000000000000E+00  5.35500327286056E-04 -1.22397913675791E-05 -1.32446983101565E-02
  1.08716191326572E-03  0.00000000000000E+00  0.00000000000000E+00  0.00000000000000E+00  0.00000000000000E+00
  0.00000000000000E+00  0.00000000000000E+00  0.00000000000000E+00  0.00000000000000E+00  0.00000000000000E+00
  0.00000000000000E+00  0.00000000000000E+00  2.53314177279729E-04 -3.32335168489185E-02  0.00000000000000E+00
  0.00000000000000E+00  0.00000000000000E+00  0.00000000000000E+00  0.00000000000000E+00  0.00000000000000E+00
  0.00000000000000E+00 -2.75683760216723E-02 -3.56058500295320E-02  0.00000000000000E+00  0.00000000000000E+00
* ORBITAL    1   18
  2.26670951860814E-03 -6.07597219310276E-03 -2.82627909247597E-02  3.33904017434316E-02 -8.84561284240847E-02
  3.47814761828459E-02  0.00000000000000E+00  0.00000000000000E+00  0.00000000000000E+00 -1.46985978436495E-03
  6.53830995441265E-03 -1.10594785858738E-02  0.00000000000000E+00  0.00000000000000E+00  0.00000000000000E+00
  0.00000000000000E+00  2.15665525965969E-02  1.36560658048813E-02 -6.97443886070409E-01 -2.87111026715291E-01
  2.06800216935656E-02  7.50218785519845E-03 -3.98517540193811E-04 -3.79502371558438E-03  3.69364533820897E-03
 -2.15428226465053E-01 -1.77833705063986E-01  0.00000000000000E+00  0.00000000000000E+00 -3.11738646981373E-04
 -6.67773923831452E-03 -7.37422527351020E-04  8.07719754566600E-04  7.99896171873334E-03  3.06342230075000E-01
  2.03785829322603E-01  0.00000000000000E+00  0.00000000000000E+00 -1.81723433364029E-03  1.45732896414765E-03
* ORBITAL    1   19
  1.96545438182483E-02 -1.25385594124770E-02  3.09883994566265E-01 -1.19023679524352E-02  1.79332844941161E-01
 -4.48966796454572E-01  0.00000000000000E+00  0.00000000000000E+00  0.00000000000000E+00 -2.02266811967011E-02
  6.76031907978909E-01 -1.25482062117575E+00  0.00000000000000E+00  0.00000000000000E+00  0.00000000000000E+00
  0.00000000000000E+00  1.23703245702922E-02  2.79535005400098E-02  6.02076478850859E-03 -6.33294390345972E-04
  5.41377928391480E-05  1.88599329989016E-04  2.38655455347993E-03 -1.41238366099153E-03 -9.50209214015315E-02
  1.30631870307832E-03  1.38449636539199E-02  0.00000000000000E+00  0.00000000000000E+00  5.68264338881582E-03
  2.52339327245206E-01 -1.07599510272371E-02  3.62611481610024E-02 -2.03679919862681E-02  8.01581822219292E-03
  1.16696384015676E-02  0.00000000000000E+00  0.00000000000000E+00  1.43593488657283E-02  9.27320122566004E-02
* ORBITAL    1   20
 -3.69075909484489E-03 -3.45103094970987E-01  5.33962908879951E-01  1.04559692466049E-01 -5.74924649638811E-01
  2.02055271979889E-01  0.00000000000000E+00  0.00000000000000E+00  0.00000000000000E+00 -7.07574413830764E-02
  1.18342122609754E+00 -2.64325425595265E-01  0.00000000000000E+00  0.00000000000000E+00  0.00000000000000E+00
  0.00000000000000E+00  1.93100418115765E-01  1.99033295857992E-01  2.23753061430715E-01  7.84817279044080E-02
  2.33116312698279E-03  2.80956980495300E-03  1.57751690265575E-02  2.54762993035032E-02 -8.01497202970781E-01
 -1.47263716079705E-01 -1.05829307332025E-01  0.00000000000000E+00  0.00000000000000E+00  2.43165958724070E-02
  2.97726886376558E-01  9.56245758633946E-03 -2.19806501013447E-02 -6.29811433106241E-02  9.97353470229196E-02
  1.18013426103178E-01  0.00000000000000E+00  0.00000000000000E+00 -8.37972587419500E-03 -3.21960391957182E-02
* ORBITAL    1   21
  0.00000000000000E+00  0.00000000000000E+00  0.00000000000000E+00  0.00000000000000E+00  0.00000000000000E+00
  0.00000000000000E+00  1.60412704810581E-01 -8.51775917790443E-01  3.07729177111729E-01  0.00000000000000E+00
  0.00000000000000E+00  0.00000000000000E+00  6.60649193821581E-03  7.06224661326824E-03  4.14778550824336E-01
  2.00481309028215E-01  0.00000000000000E+00  0.00000000000000E+00  0.00000000000000E+00  0.00000000000000E+00
  0.00000000000000E+00  0.00000000000000E+00  0.00000000000000E+00  0.00000000000000E+00  0.00000000000000E+00
  0.00000000000000E+00  0.00000000000000E+00 -2.64298828162583E-01 -2.02102482981587E-01  0.00000000000000E+00
  0.00000000000000E+00  0.00000000000000E+00  0.00000000000000E+00  0.00000000000000E+00  0.00000000000000E+00
  0.00000000000000E+00  1.74618472457004E-01  1.74258562093645E-01  0.00000000000000E+00  0.00000000000000E+00
* ORBITAL    1   22
  2.57416530224502E-03  1.08249734332149E-01 -1.27155850621485E-02  6.12364017452458E-02 -3.40132903874964E-01
  1.17494091307345E-01  0.00000000000000E+00  0.00000000000000E+00  0.00000000000000E+00  1.14007665589292E-01
 -7.08865582250080E-01  2.13380447419330E-01  0.00000000000000E+00  0.00000000000000E+00  0.00000000000000E+00
  0.00000000000000E+00  5.27501584918010E-01  3.83471688752555E-01  1.34899855315096E-01  4.65298786671065E-02
 -1.42001531426385E-02 -1.16577915601438E-03  1.20874084446084E-02 -1.20159012303609E-01  6.46231940936894E-02
 -8.34625180692783E-02 -5.57731329030302E-02  0.00000000000000E+00  0.00000000000000E+00  5.88107216579679E-02
 -5.57353670744755E-02 -1.02452107233233E-02  1.97830935613440E-02  7.57696912145720E-02  5.47026792690733E-02
  6.62620675679434E-02  0.00000000000000E+00  0.00000000000000E+00 -8.97732571289304E-02 -3.82776678418373E-03
* ORBITAL    1   23
  1.53863017074707E-03  2.02767191249253E-02 -2.05190279963152E-02 -7.29647395934504E-02  9.93935609268602E-01
 -2.23237740725752E-01  0.00000000000000E+00  0.00000000000000E+00  0.00000000000000E+00  1.15920650739979E-04
 -2.39024083241068E-02  4.80356885809884E-03  0.00000000000000E+00  0.00000000000000E+00  0.00000000000000E+00
  0.00000000000000E+00 -1.56617226824473E-02 -1.48452584353948E-02  4.78970262543957E-01 -3.13658170293892E-02
  2.80972823658739E-03  1.33597596419842E-03  1.77596026585229E-04 -1.92291830959546E-03  1.82039508947658E-02
 -4.48289292037621E-01 -8.14765330456809E-01  0.00000000000000E+00  0.00000000000000E+00  9.24284448206057E-04
 -1.88473083865949E-02 -6.69670898319203E-04  8.44610042686472E-04  8.68428180632168E-03  1.79099064556589E-01
  5.13502400685412E-01  0.00000000000000E+00  0.00000000000000E+00  5.74647749733447E-04  4.71350165366410E-04
* ORBITAL    1   24
  0.00000000000000E+00  0.00000000000000E+00  0.00000000000000E+00  0.00000000000000E+00  0.00000000000000E+00
  0.00000000000000E+00  9.27180801099635E-02 -1.13595602073261E+00  2.55886852779992E-01  0.00000000000000E+00
  0.00000000000000E+00  0.00000000000000E+00 -3.82712622404848E-03  1.41548924122271E-03 -3.59150463082093E-01
 -1.63554761119834E-01  0.00000000000000E+00  0.00000000000000E+00  0.00000000000000E+00  0.00000000000000E+00
  0.00000000000000E+00  0.00000000000000E+00  0.00000000000000E+00  0.00000000000000E+00  0.00000000000000E+00
  0.00000000000000E+00  0.00000000000000E+00  4.83503578672833E-01  8.37929674212242E-01  0.00000000000000E+00
  0.00000000000000E+00  0.00000000000000E+00  0.00000000000000E+00  0.00000000000000E+00  0.00000000000000E+00
  0.00000000000000E+00 -2.70478140624388E-01 -3.96717954327954E-01  0.00000000000000E+00  0.00000000000000E+00
* ORBITAL    1   25
 -2.33639727068889E-03 -2.43136911149826E-01  5.01834927547932E-01 -1.22987467550021E-01  7.04463051077992E-01
 -2.37823265112676E-01  0.00000000000000E+00  0.00000000000000E+00  0.00000000000000E+00 -1.59282011321123E-03
  6.88787672616645E-01 -1.16042202406834E-01  0.00000000000000E+00  0.00000000000000E+00  0.00000000000000E+00
  0.00000000000000E+00  4.41970901396329E-01  3.72982769239781E-01 -2.06713870131516E-01 -8.40399055429343E-02
 -1.62647243173620E-02 -6.73401464759439E-03  2.19231380910635E-02 -4.46865846234667E-02 -6.84882404772029E-01
  1.63313602382927E-01  7.57370962214226E-02  0.00000000000000E+00  0.00000000000000E+00  5.98958058319374E-02
  2.47874833310921E-01  4.29838129757368E-03 -1.11426454500495E-02 -2.98775443832138E-02 -1.17154212339290E-01
 -1.13682413042358E-01  0.00000000000000E+00  0.00000000000000E+00 -5.50988535727338E-02 -2.69810597747892E-02
* ORBITAL    1   26
 -1.93238891826923E-01 -8.66324799590221E-01  4.29322288240814E-01 -1.17233554325533E-03  2.77426072895455E-02
 -1.47580933549126E-03  0.00000000000000E+00  0.00000000000000E+00  0.00000000000000E+00  6.09684820192660E-02
 -7.39702391367959E-01  1.59765667086727E-01  0.00000000000000E+00  0.00000000000000E+00  0.00000000000000E+00
  0.00000000000000E+00 -3.65879247656961E-01 -3.89941349213036E-02  3.61338414901303E-03  2.46846150032624E-03
 -7.38545774285867E-02  1.31863836733392E-01 -9.85019021650200E-02  5.47480366621753E-01  4.58111195427457E-01
  2.31362922128183E-02 -4.73649664826745E-02  0.00000000000000E+00  0.00000000000000E+00 -3.85937345405648E-01
  7.13002367563863E-01  3.35584465396581E-02 -2.06766097438376E-03 -5.15786872504078E-01  1.36883131550150E-03
  8.12808513480961E-03  0.00000000000000E+00  0.00000000000000E+00  1.34462714516055E-01 -5.21177432437780E-02
* ORBITAL    1   27
 -4.80615008692989E-03 -2.34503868048652E-02  1.60828875399908E-02 -5.61354301910557E-03 -5.96571623109104E-01
 -5.56059515259987E-02  0.00000000000000E+00  0.00000000000000E+00  0.00000000000000E+00  1.57756974554132E-03
 -1.37218929954849E-02  3.47759531285010E-03  0.00000000000000E+00  0.00000000000000E+00  0.00000000000000E+00
  0.00000000000000E+00 -6.87487105302229E-03  3.55267705165952E-04  1.57709801226219E-01 -4.74989716483002E-01
 -4.13577567143120E-04  6.39729542322828E-04 -2.28421558153303E-03  1.30435329932324E-02  1.17481617344644E-02
 -7.98043451326524E-01  1.50993043509840E+00  0.00000000000000E+00  0.00000000000000E+00 -7.60539041622053E-03
  2.25922591501998E-02  1.22887648434635E-03 -6.96818282262979E-04 -1.77731231130797E-02 -2.27847121864999E-01
  1.26572693341232E-02  0.00000000000000E+00  0.00000000000000E+00  2.93476285834369E-03  1.41476889244215E-03
* ORBITAL    1   28
  0.00000000000000E+00  0.00000000000000E+00  0.00000000000000E+00  0.00000000000000E+00  0.00000000000000E+00
  0.00000000000000E+00 -1.49038895141294E-02 -5.01122954767064E-01 -7.10435684972281E-02  0.00000000000000E+00
  0.00000000000000E+00  0.00000000000000E+00  2.03245906235090E-03 -3.57315795909772E-03  1.59084116019044E-02
 -1.50992210037041E-01  0.00000000000000E+00  0.00000000000000E+00  0.00000000000000E+00  0.00000000000000E+00
  0.00000000000000E+00  0.00000000000000E+00  0.00000000000000E+00  0.00000000000000E+00  0.00000000000000E+00
  0.00000000000000E+00  0.00000000000000E+00 -9.67452408396283E-01  1.49893579872694E+00  0.00000000000000E+00
  0.00000000000000E+00  0.00000000000000E+00  0.00000000000000E+00  0.00000000000000E+00  0.00000000000000E+00
  0.00000000000000E+00 -4.15287719812170E-02 -1.36312079901894E-01  0.00000000000000E+00  0.00000000000000E+00
* ORBITAL    1   29
  1.61760451503398E-01  2.23651864066519E-01 -7.96202156135818E-01 -1.43941117405222E-04  4.01204631307862E-03
 -4.42459855712617E-04  0.00000000000000E+00  0.00000000000000E+00  0.00000000000000E+00  1.14584311657193E-02
 -7.03735396435899E-01 -1.73196039412723E-01  0.00000000000000E+00  0.00000000000000E+00  0.00000000000000E+00
  0.00000000000000E+00  1.45494251852555E-01 -3.43255274922993E-01 -9.31867185084869E-03  2.49398162144948E-02
 -2.82524431044937E-03  4.96996875398193E-03  8.97976391391522E-03 -9.33028985524277E-01  3.20164059670695E+00
 -1.80779260332227E-02  5.90176318823368E-04  0.00000000000000E+00  0.00000000000000E+00  5.00205682702548E-01
  8.67981581532436E-01  9.65413823811586E-02 -1.76547626911275E-01 -1.48961005590487E+00  1.58421197376591E-02
 -9.81061419631719E-03  0.00000000000000E+00  0.00000000000000E+00  8.24888628047978E-02  7.16579681822992E-01
* ORBITAL    1   30
  2.47488010725709E-02  1.13258641671225E-01 -5.39270189353311E-02 -4.80253353390556E-04  7.94863597335700E-05
 -7.69233773214883E-04  0.00000000000000E+00  0.00000000000000E+00  0.00000000000000E+00 -8.36998188868971E-03
  1.01471338578067E-01 -2.03127058912556E-02  0.00000000000000E+00  0.00000000000000E+00  0.00000000000000E+00
  0.00000000000000E+00  4.62503415999065E-02  5.67940892124136E-03 -3.20351844693432E-03  3.89969063170686E-03
 -5.66664040136047E-01  9.96035335093972E-01  1.29373173630538E-02 -6.87286868339059E-02 -7.59018960294868E-02
 -4.64171545606782E-03  7.19766882744778E-03  0.00000000000000E+00  0.00000000000000E+00  4.73417480381447E-02
 -9.87203509277162E-02 -5.00364980622010E-03  1.27355847101978E-03  7.64416914536233E-02  1.66438371440460E-03
 -3.96034692699622E-03  0.00000000000000E+00  0.00000000000000E+00 -1.75282648231992E-02  1.21653243369144E-03
* ORBITAL    1   31
  0.00000000000000E+00  0.00000000000000E+00  0.00000000000000E+00  0.00000000000000E+00  0.00000000000000E+00
  0.00000000000000E+00 -9.69921653042710E-04  4.37984015879424E-03 -1.97247275446750E-03  0.00000000000000E+00
  0.00000000000000E+00  0.00000000000000E+00 -5.61952639413877E-01  1.00782082688333E+00 -3.23462530866090E-04
 -7.45490782205423E-04  0.00000000000000E+00  0.00000000000000E+00  0.00000000000000E+00  0.00000000000000E+00
  0.00000000000000E+00  0.00000000000000E+00  0.00000000000000E+00  0.00000000000000E+00  0.00000000000000E+00
  0.00000000000000E+00  0.00000000000000E+00 -3.18872692392458E-03  4.49789267940505E-03  0.00000000000000E+00
  0.00000000000000E+00  0.00000000000000E+00  0.00000000000000E+00  0.00000000000000E+00  0.00000000000000E+00
  0.00000000000000E+00 -5.60676180073571E-04 -5.61498137762688E-04  0.00000000000000E+00  0.00000000000000E+00
* ORBITAL    1   32
 -4.59431459166670E-02 -6.34595251236286E-02  8.18443814387821E-02  4.44565491767394E-05  4.46232145683197E-04
  6.26725016608704E-05  0.00000000000000E+00  0.00000000000000E+00  0.00000000000000E+00 -1.75285251503228E-03
  1.59919500949548E-01 -1.08823929130574E-01  0.00000000000000E+00  0.00000000000000E+00  0.00000000000000E+00
  0.00000000000000E+00  4.68984171776165E-02 -5.07190203225982E-02 -1.84279946071313E-03  4.60826718775600E-03
 -6.94816134869145E-04  1.28512493148627E-03 -3.08247692036972E-02  1.15081769971832E+00  7.90599762341394E-02
 -2.39490876572100E-03 -5.21453966781274E-04  0.00000000000000E+00  0.00000000000000E+00  5.76637874735200E-01
 -1.36186738152519E-01  6.47152445628822E-02 -7.76369245021655E-02 -5.82880411550087E-01  2.79511014153745E-03
 -1.89173487658775E-03  0.00000000000000E+00  0.00000000000000E+00 -3.37998919285550E-01  1.58120036450434E+00
* ORBITAL    1   33
  6.49834423185616E-03  1.71700139665740E-02 -3.15263821472723E-02  2.91864736072645E-02 -1.85510312335872E-01
  5.92452475043530E-02  0.00000000000000E+00  0.00000000000000E+00  0.00000000000000E+00 -5.34641872236279E-04
 -1.54124581670573E-02 -6.49370824230272E-03  0.00000000000000E+00  0.00000000000000E+00  0.00000000000000E+00
  0.00000000000000E+00  4.58736155796664E-03 -1.25833774667522E-02  3.76731112561943E-01 -8.51569527363536E-01
 -2.87658097852386E-03  4.94257415438413E-03  9.80813651975930E-04 -2.61643765414964E-02  9.03215032909966E-02
  6.36247050359598E-01 -2.25519209404831E-01  0.00000000000000E+00  0.00000000000000E+00  2.03680087924751E-02
  1.35049633099789E-02  2.59083468146832E-03 -5.19037518368547E-03 -3.82703109317785E-02 -4.99769846091285E-01
  4.21636686381369E-01  0.00000000000000E+00  0.00000000000000E+00 -2.70948376370732E-04  2.83369723920318E-02
* ORBITAL    1   34
  0.00000000000000E+00  0.00000000000000E+00  0.00000000000000E+00  0.00000000000000E+00  0.00000000000000E+00
  0.00000000000000E+00  1.33094314556478E-02 -1.85702656896790E-01 -4.91445327158405E-03  0.00000000000000E+00
  0.00000000000000E+00  0.00000000000000E+00  2.67266022332323E-17  9.32163617837296E-18  5.37783896805855E-01
 -9.32121421531277E-01  0.00000000000000E+00  0.00000000000000E+00  0.00000000000000E+00  0.00000000000000E+00
  0.00000000000000E+00  0.00000000000000E+00  0.00000000000000E+00  0.00000000000000E+00  0.00000000000000E+00
  0.00000000000000E+00  0.00000000000000E+00  2.18123151884875E-01  1.32876402248354E-01  0.00000000000000E+00
  0.00000000000000E+00  0.00000000000000E+00  0.00000000000000E+00  0.00000000000000E+00  0.00000000000000E+00
  0.00000000000000E+00 -5.03235727089521E-01  4.97623085117589E-01  0.00000000000000E+00  0.00000000000000E+00
* ORBITAL    1   35
 -1.66875258933348E-02  2.34988422621672E-02  1.59645105724891E-01 -7.55465377098087E-17  2.43263264413144E-16
  7.78757340500296E-17  0.00000000000000E+00  0.00000000000000E+00  0.00000000000000E+00  6.62131023211780E-02
  3.04663672046914E-01  4.95766032571679E-02  0.00000000000000E+00  0.00000000000000E+00  0.00000000000000E+00
  0.00000000000000E+00 -3.75263810978470E-02  4.27805484926286E-01 -1.38709439584763E-16  3.44167358562717E-17
 -3.38760685586989E-05  5.86090135462803E-05 -8.95903803359924E-02  5.38850171706576E-01 -7.34546642913137E-01
 -4.32078335781104E-17  2.18781673596117E-16  0.00000000000000E+00  0.00000000000000E+00  1.07467148234011E+00
 -5.32307795940240E-01  3.88588030637867E-02 -1.64750828235970E-01 -3.00465405999751E-02  6.65352861376131E-17
 -2.33036380243749E-16  0.00000000000000E+00  0.00000000000000E+00  9.28389107493271E-01 -2.78932635089104E-01
* ORBITAL    1   36
  0.00000000000000E+00  0.00000000000000E+00  0.00000000000000E+00  0.00000000000000E+00  0.00000000000000E+00
  0.00000000000000E+00  4.20000154619617E-03  6.35589200310739E-01 -1.06761148357338E-01  0.00000000000000E+00
  0.00000000000000E+00  0.00000000000000E+00  4.08985797580962E-17  1.72849414297680E-17 -3.26946501716374E-01
  8.04256150204647E-01  0.00000000000000E+00  0.00000000000000E+00  0.00000000000000E+00  0.00000000000000E+00
  0.00000000000000E+00  0.00000000000000E+00  0.00000000000000E+00  0.00000000000000E+00  0.00000000000000E+00
  0.00000000000000E+00  0.00000000000000E+00 -5.86136732696412E-02 -1.25517955348013E+00  0.00000000000000E+00
  0.00000000000000E+00  0.00000000000000E+00  0.00000000000000E+00  0.00000000000000E+00  0.00000000000000E+00
  0.00000000000000E+00 -7.73535521127427E-01  1.47924837958084E+00  0.00000000000000E+00  0.00000000000000E+00
* ORBITAL    1   37
  7.26261884051151E-16  2.55042922549078E-16 -1.95369934957323E-16  4.20469823526476E-03  6.35627656207808E-01
 -1.06759891152092E-01  0.00000000000000E+00  0.00000000000000E+00  0.00000000000000E+00  9.39203162839221E-17
 -3.93812063534526E-16 -7.33599433332543E-17  0.00000000000000E+00  0.00000000000000E+00  0.00000000000000E+00
  0.00000000000000E+00 -2.94653506671200E-16 -8.15650571746996E-16 -3.26916200995661E-01  8.04249573567635E-01
 -6.08819969991770E-17  1.02629649891149E-16 -1.19330041138740E-15  6.69846667328964E-16  5.72757004582064E-16
 -5.85132799731821E-02 -1.25533659803271E+00  0.00000000000000E+00  0.00000000000000E+00 -3.71254212125887E-16
  1.02459187405241E-15  5.31665017028291E-17 -1.77912462745208E-17 -8.51906297196949E-16 -7.73532985107312E-01
  1.47928814412988E+00  0.00000000000000E+00  0.00000000000000E+00  1.81193640304910E-16  1.18052648425267E-16
* ORBITAL    1   38
  1.21083424749892E-01  3.74404995205573E-01  2.12401798742590E-02 -7.72479354913285E-17 -3.66408542688325E-16
  9.52583598474272E-17  0.00000000000000E+00  0.00000000000000E+00  0.00000000000000E+00 -2.11615944214297E-02
  7.58378536125223E-01 -2.03929145542390E-01  0.00000000000000E+00  0.00000000000000E+00  0.00000000000000E+00
  0.00000000000000E+00 -6.46206576662206E-01  1.25610358579106E+00 -1.09284666864492E-16 -2.12463353563726E-16
 -6.87884604479256E-05  1.30778471117426E-04  4.58230366257740E-02 -6.97581723651346E-01 -2.42548981841965E-01
 -1.71900128756210E-16  8.64624499753386E-16  0.00000000000000E+00  0.00000000000000E+00  3.92878862535568E-01
 -2.11549436364924E-01 -1.41633521063898E-02  1.05783778181446E-01 -4.82923271024143E-02  3.79193398248192E-16
 -7.17335766642870E-16  0.00000000000000E+00  0.00000000000000E+00 -2.47759006666678E-01  3.65742536023471E-01
* ORBITAL    1   39
 -4.70060465593702E-01 -8.65155359213466E-01  1.64910248509178E-02 -7.61726327164796E-17  2.81538232508197E-16
 -2.37323790056779E-16  0.00000000000000E+00  0.00000000000000E+00  0.00000000000000E+00 -5.36751647100865E-02
 -9.66739586734300E-01  1.78228380207264E-01  0.00000000000000E+00  0.00000000000000E+00  0.00000000000000E+00
  0.00000000000000E+00  1.00174110448668E-01 -4.51855276160622E-01  1.12169655378214E-16 -1.12801624506361E-16
  5.69231879131779E-06 -1.53325954400508E-05  2.20061415796167E-02 -8.93005572713801E-02  3.06021868238843E+00
  1.28064419631734E-16  1.77696495353965E-16  0.00000000000000E+00  0.00000000000000E+00  3.54243436806547E-01
  3.39439568779763E-01 -9.13466637830987E-02  1.91941069547785E+00 -3.42202854407849E+00 -1.42263473477414E-16
 -6.01448070591714E-17  0.00000000000000E+00  0.00000000000000E+00  3.31481749873429E-03  1.02787172260597E+00
* ORBITAL    1   40
  2.54094257261229E+00  3.81290358438653E+00 -8.99829031816725E-01  6.58660410716474E-17 -9.65779746305365E-17
  2.73803263017710E-16  0.00000000000000E+00  0.00000000000000E+00  0.00000000000000E+00  2.27244090690319E-01
  2.31892126135768E+00 -8.74590160388190E-01  0.00000000000000E+00  0.00000000000000E+00  0.00000000000000E+00
  0.00000000000000E+00 -4.25380549485139E-02  4.05717006501567E-01  5.23940983862603E-17  2.46222959133896E-16
 -1.82544905069913E-06  5.37288373659548E-06  1.86798746019896E-02  1.01251948262791E+00 -2.78728227696039E+00
 -1.18062647840558E-16 -3.88293420454973E-16  0.00000000000000E+00  0.00000000000000E+00 -5.23718019884108E-02
  3.36199058910321E+00 -7.45525333591802E-03  8.67028153902067E-01 -2.21965996755060E+00 -2.24607678279038E-17
  3.02953643117736E-16  0.00000000000000E+00  0.00000000000000E+00  9.47029804455821E-02 -5.91547286574580E-02
#OCC
* OCCUPATION NUMBERS
  2.00000000000000E+00  2.00000000000000E+00  2.00000000000000E+00  2.00000000000000E+00  2.00000000000000E+00
  2.00000000000000E+00  2.00000000000000E+00  2.00000000000000E+00  2.00000000000000E+00  2.00000000000000E+00
  2.00000000000000E+00  1.99899573513944E+00  1.77762681067184E+00  1.59894105798594E+00  1.35481997946456E+00
  1.97473519362538E+00  1.99952687161501E+00  1.79360338879936E+00  1.99904487939467E+00  8.42453428793423E-01
  5.07701095264454E-01  1.26245780966888E+00  1.28028443154393E-01  1.09352596347889E-01  5.89946527608050E-01
  1.44594592115942E-02  2.03025592188966E-03  2.32598114108351E-03  2.58503746217398E-03  1.93238602542264E-02
  1.58265302740438E-02  1.95804392053245E-04  6.01925380967594E-03  0.00000000000000E+00  0.00000000000000E+00
  0.00000000000000E+00  0.00000000000000E+00  0.00000000000000E+00  0.00000000000000E+00  0.00000000000000E+00
#OCHR
* OCCUPATION NUMBERS (HUMAN-READABLE)
  2.0000  2.0000  2.0000  2.0000  2.0000  2.0000  2.0000  2.0000  2.0000  2.0000
  2.0000  1.9990  1.7776  1.5989  1.3548  1.9747  1.9995  1.7936  1.9990  0.8425
  0.5077  1.2625  0.1280  0.1094  0.5899  0.0145  0.0020  0.0023  0.0026  0.0193
  0.0158  0.0002  0.0060  0.0000  0.0000  0.0000  0.0000  0.0000  0.0000  0.0000
#ONE
* ONE ELECTRON ENERGIES
  0.0000E+00  0.0000E+00  0.0000E+00  0.0000E+00  0.0000E+00  0.0000E+00  0.0000E+00  0.0000E+00  0.0000E+00  0.0000E+00
  0.0000E+00  0.0000E+00  0.0000E+00  0.0000E+00  0.0000E+00  0.0000E+00  0.0000E+00  0.0000E+00  0.0000E+00  0.0000E+00
  0.0000E+00  0.0000E+00  0.0000E+00  0.0000E+00  0.0000E+00  0.0000E+00  0.0000E+00  0.0000E+00  0.0000E+00  0.0000E+00
  0.0000E+00  0.0000E+00  0.0000E+00  0.0000E+00  0.0000E+00  0.0000E+00  0.0000E+00  0.0000E+00  0.0000E+00  0.0000E+00
#INDEX
* 1234567890
0 iiiiiiiiii
1 i222222222
2 2222222222
3 222sssssss
