0,1,-234.909279,0.000000
0,2,-234.909280,-0.000000
0,3,-234.909281,-0.000000
0,4,-234.909279,-0.000000
0,5,-234.909279,-0.000000
0,6,-234.909279,0.000000
0,7,-234.909280,0.000000
0,8,-234.909284,0.000000
0,9,-234.909279,0.000000
0,10,-234.909279,0.000000
0,11,-234.909292,0.000000
0,12,-234.909292,0.000000
0,13,-234.909290,-0.000000
0,16,-234.909280,-0.000000
0,17,-234.909280,-0.000000
0,18,-234.909316,-0.000000
0,19,-234.909360,-0.000000
0,20,-234.909360,-0.000000
0,21,-234.909293,-0.000000
0,22,-234.909317,-0.000000
0,23,-234.909317,-0.000000
0,24,-234.911235,-0.000000
0,25,-234.909320,-0.000002
0,26,-234.909349,-0.000000
0,27,-234.909279,-0.000000
0,28,-234.909279,-0.000000
0,29,-234.909305,0.000000
0,30,-234.918901,-0.000000
0,31,-234.909325,-0.000000
0,32,-234.909325,-0.000000
0,33,-234.909292,-0.000006
0,34,-234.909296,-0.000003
0,35,-234.909306,-0.000024
0,36,-234.909320,-0.000041
0,37,-234.909320,-0.000041
0,38,-234.909340,-0.000061
0,39,-234.909279,-0.000000
0,40,-234.909279,-0.000000
0,41,-234.909279,-0.000000
0,42,-234.909279,-0.000000
0,43,-234.909301,-0.000021
0,44,-234.909279,-0.000000
0,45,-234.909279,-0.000000
0,46,-234.909279,-0.000000
0,47,-234.909279,-0.000000
0,48,-234.909281,-0.000000
0,49,-234.909280,-0.000000
1,2,-234.909280,-0.000000
1,3,-234.909281,0.000000
1,4,-234.909279,-0.000000
1,5,-234.909279,-0.000000
1,6,-234.909279,0.000000
1,7,-234.909280,0.000000
1,8,-234.909284,0.000000
1,9,-234.909279,0.000000
1,10,-234.909279,0.000000
1,11,-234.909292,0.000000
1,12,-234.909292,0.000000
1,13,-234.909290,0.000000
1,16,-234.909280,-0.000000
1,17,-234.909280,-0.000000
1,18,-234.909316,-0.000000
1,19,-234.909360,-0.000001
1,20,-234.909360,-0.000001
1,21,-234.909293,-0.000000
1,22,-234.909319,-0.000002
1,23,-234.909319,-0.000002
1,24,-234.911235,-0.000000
1,25,-234.909318,-0.000000
1,26,-234.909417,-0.000069
1,27,-234.909327,-0.000048
1,28,-234.909327,-0.000048
1,29,-234.909305,-0.000000
1,30,-234.918901,-0.000000
1,31,-234.909325,-0.000000
1,32,-234.909325,-0.000000
1,33,-234.909363,-0.000077
1,34,-234.909299,-0.000006
1,35,-234.909283,-0.000000
1,36,-234.909279,-0.000000
1,37,-234.909279,-0.000000
1,38,-234.909280,-0.000000
1,39,-234.909279,-0.000000
1,40,-234.909279,-0.000000
1,41,-234.909279,-0.000000
1,42,-234.909279,-0.000000
1,43,-234.909280,-0.000001
1,44,-234.909279,-0.000000
1,45,-234.909279,-0.000000
1,46,-234.909279,-0.000000
1,47,-234.909279,-0.000000
1,48,-234.909284,-0.000004
1,49,-234.909301,-0.000021
2,3,-234.909283,-0.000002
2,4,-234.909280,0.000000
2,5,-234.909280,0.000000
2,6,-234.909280,-0.000000
2,7,-234.909280,-0.000000
2,8,-234.909285,-0.000000
2,9,-234.909280,0.000000
2,10,-234.909280,0.000000
2,11,-234.909292,0.000000
2,12,-234.909292,0.000000
2,13,-234.909290,0.000000
2,16,-234.909281,-0.000000
2,17,-234.909281,-0.000000
2,18,-234.909317,-0.000001
2,19,-234.909367,-0.000007
2,20,-234.909367,-0.000007
2,21,-234.909299,-0.000006
2,22,-234.909326,-0.000009
2,23,-234.909326,-0.000009
2,24,-234.911372,-0.000137
2,25,-234.909349,-0.000030
2,26,-234.909410,-0.000061
2,27,-234.909280,-0.000000
2,28,-234.909280,-0.000000
2,29,-234.909389,-0.000083
2,30,-234.919055,-0.000154
2,31,-234.909389,-0.000064
2,32,-234.909390,-0.000064
2,33,-234.909299,-0.000012
2,34,-234.909316,-0.000023
2,35,-234.909290,-0.000008
2,36,-234.909280,-0.000000
2,37,-234.909280,-0.000000
2,38,-234.909281,-0.000001
2,39,-234.909280,-0.000000
2,40,-234.909280,-0.000000
2,41,-234.909280,-0.000000
2,42,-234.909280,-0.000000
2,43,-234.909280,-0.000000
2,44,-234.909280,-0.000000
2,45,-234.909280,-0.000000
2,46,-234.909280,-0.000000
2,47,-234.909280,-0.000000
2,48,-234.909283,-0.000002
2,49,-234.909281,-0.000001
3,4,-234.909281,0.000000
3,5,-234.909281,0.000000
3,6,-234.909281,-0.000000
3,7,-234.909281,-0.000000
3,8,-234.909286,-0.000000
3,9,-234.909281,0.000000
3,10,-234.909281,0.000000
3,11,-234.909293,0.000000
3,12,-234.909293,0.000000
3,13,-234.909291,0.000000
3,16,-234.909282,-0.000000
3,17,-234.909282,-0.000000
3,18,-234.909323,-0.000006
3,19,-234.909384,-0.000023
3,20,-234.909384,-0.000023
3,21,-234.909315,-0.000020
3,22,-234.909352,-0.000034
3,23,-234.909352,-0.000034
3,24,-234.912459,-0.001222
3,25,-234.909448,-0.000129
3,26,-234.909606,-0.000256
3,27,-234.909281,-0.000000
3,28,-234.909281,-0.000000
3,29,-234.909313,-0.000007
3,30,-234.919014,-0.000111
3,31,-234.909541,-0.000215
3,32,-234.909541,-0.000215
3,33,-234.909354,-0.000066
3,34,-234.909439,-0.000145
3,35,-234.909329,-0.000045
3,36,-234.909281,-0.000000
3,37,-234.909281,-0.000000
3,38,-234.909283,-0.000002
3,39,-234.909281,-0.000000
3,40,-234.909281,-0.000000
3,41,-234.909281,-0.000000
3,42,-234.909281,-0.000000
3,43,-234.909284,-0.000003
3,44,-234.909281,-0.000000
3,45,-234.909281,-0.000000
3,46,-234.909281,-0.000000
3,47,-234.909281,-0.000000
3,48,-234.909295,-0.000013
3,49,-234.909284,-0.000003
4,5,-234.909279,0.000000
4,6,-234.909279,-0.000000
4,7,-234.909280,0.000000
4,8,-234.909284,0.000000
4,9,-234.909279,0.000000
4,10,-234.909279,-0.000000
4,11,-234.909293,-0.000001
4,12,-234.909292,0.000000
4,13,-234.909290,0.000000
4,16,-234.909281,-0.000000
4,17,-234.909281,-0.000000
4,18,-234.909316,-0.000000
4,19,-234.909401,-0.000041
4,20,-234.909361,-0.000002
4,21,-234.909297,-0.000004
4,22,-234.909356,-0.000040
4,23,-234.909319,-0.000003
4,24,-234.911272,-0.000037
4,25,-234.909346,-0.000028
4,26,-234.909406,-0.000057
4,27,-234.909279,-0.000000
4,28,-234.909279,-0.000000
4,29,-234.909607,-0.000301
4,30,-234.919095,-0.000194
4,31,-234.909538,-0.000213
4,32,-234.909330,-0.000005
4,33,-234.909295,-0.000009
4,34,-234.909302,-0.000010
4,35,-234.909286,-0.000003
4,36,-234.909279,-0.000000
4,37,-234.909279,-0.000000
4,38,-234.909280,-0.000000
4,39,-234.909279,-0.000000
4,40,-234.909279,-0.000000
4,41,-234.909279,-0.000000
4,42,-234.909279,-0.000000
4,43,-234.909279,-0.000000
4,44,-234.909279,-0.000000
4,45,-234.909279,-0.000000
4,46,-234.909279,-0.000000
4,47,-234.909279,-0.000000
4,48,-234.909281,-0.000000
4,49,-234.909280,-0.000000
5,6,-234.909279,-0.000000
5,7,-234.909280,0.000000
5,8,-234.909284,0.000000
5,9,-234.909279,-0.000000
5,10,-234.909279,0.000000
5,11,-234.909292,0.000000
5,12,-234.909293,-0.000001
5,13,-234.909290,0.000000
5,16,-234.909281,-0.000000
5,17,-234.909281,-0.000000
5,18,-234.909316,-0.000000
5,19,-234.909361,-0.000002
5,20,-234.909401,-0.000041
5,21,-234.909297,-0.000004
5,22,-234.909319,-0.000003
5,23,-234.909356,-0.000040
5,24,-234.911272,-0.000037
5,25,-234.909346,-0.000028
5,26,-234.909406,-0.000057
5,27,-234.909279,-0.000000
5,28,-234.909279,-0.000000
5,29,-234.909607,-0.000301
5,30,-234.919095,-0.000194
5,31,-234.909330,-0.000005
5,32,-234.909538,-0.000213
5,33,-234.909295,-0.000009
5,34,-234.909302,-0.000010
5,35,-234.909286,-0.000003
5,36,-234.909279,-0.000000
5,37,-234.909279,-0.000000
5,38,-234.909280,-0.000000
5,39,-234.909279,-0.000000
5,40,-234.909279,-0.000000
5,41,-234.909279,-0.000000
5,42,-234.909279,-0.000000
5,43,-234.909279,-0.000000
5,44,-234.909279,-0.000000
5,45,-234.909279,-0.000000
5,46,-234.909279,-0.000000
5,47,-234.909279,-0.000000
5,48,-234.909281,-0.000000
5,49,-234.909280,-0.000000
6,7,-234.909280,-0.000000
6,8,-234.909284,-0.000000
6,9,-234.909279,0.000000
6,10,-234.909279,0.000000
6,11,-234.909292,0.000000
6,12,-234.909292,0.000000
6,13,-234.909290,0.000000
6,16,-234.909281,-0.000001
6,17,-234.909281,-0.000001
6,18,-234.909316,-0.000000
6,19,-234.909387,-0.000027
6,20,-234.909387,-0.000027
6,21,-234.909293,-0.000000
6,22,-234.909385,-0.000068
6,23,-234.909385,-0.000068
6,24,-234.911235,-0.000000
6,25,-234.909589,-0.000271
6,26,-234.909357,-0.000008
6,27,-234.909307,-0.000028
6,28,-234.909307,-0.000028
6,29,-234.909306,-0.000000
6,30,-234.918901,-0.000000
6,31,-234.909328,-0.000003
6,32,-234.909328,-0.000003
6,33,-234.910427,-0.001141
6,34,-234.909313,-0.000021
6,35,-234.909396,-0.000114
6,36,-234.909453,-0.000174
6,37,-234.909453,-0.000174
6,38,-234.909950,-0.000671
6,39,-234.909321,-0.000041
6,40,-234.909321,-0.000041
6,41,-234.909584,-0.000305
6,42,-234.909584,-0.000305
6,43,-234.909612,-0.000332
6,44,-234.909653,-0.000374
6,45,-234.909653,-0.000374
6,46,-234.909538,-0.000259
6,47,-234.909538,-0.000259
6,48,-234.909344,-0.000063
6,49,-234.909372,-0.000092
7,8,-234.909287,-0.000002
7,9,-234.909280,0.000000
7,10,-234.909280,0.000000
7,11,-234.909292,0.000000
7,12,-234.909292,0.000000
7,13,-234.909290,0.000000
7,16,-234.909282,-0.000001
7,17,-234.909282,-0.000001
7,18,-234.909323,-0.000007
7,19,-234.909571,-0.000211
7,20,-234.909571,-0.000211
7,21,-234.909294,-0.000001
7,22,-234.909702,-0.000385
7,23,-234.909702,-0.000385
7,24,-234.911237,-0.000001
7,25,-234.909371,-0.000052
7,26,-234.909662,-0.000313
7,27,-234.909373,-0.000093
7,28,-234.909373,-0.000093
7,29,-234.909306,-0.000000
7,30,-234.918903,-0.000001
7,31,-234.909332,-0.000006
7,32,-234.909332,-0.000006
7,33,-234.910174,-0.000887
7,34,-234.909660,-0.000367
7,35,-234.910756,-0.001473
7,36,-234.909348,-0.000068
7,37,-234.909348,-0.000068
7,38,-234.909406,-0.000126
7,39,-234.909393,-0.000114
7,40,-234.909394,-0.000114
7,41,-234.909607,-0.000328
7,42,-234.909607,-0.000328
7,43,-234.909469,-0.000189
7,44,-234.909378,-0.000098
7,45,-234.909378,-0.000098
7,46,-234.909695,-0.000416
7,47,-234.909695,-0.000416
7,48,-234.909375,-0.000094
7,49,-234.909465,-0.000185
8,9,-234.909284,0.000000
8,10,-234.909284,0.000000
8,11,-234.909297,0.000000
8,12,-234.909297,0.000000
8,13,-234.909295,0.000000
8,16,-234.909287,-0.000002
8,17,-234.909287,-0.000002
8,18,-234.909383,-0.000062
8,19,-234.909686,-0.000321
8,20,-234.909686,-0.000321
8,21,-234.909317,-0.000019
8,22,-234.909527,-0.000205
8,23,-234.909527,-0.000205
8,24,-234.911259,-0.000018
8,25,-234.909793,-0.000470
8,26,-234.911021,-0.001667
8,27,-234.909397,-0.000113
8,28,-234.909397,-0.000113
8,29,-234.909316,-0.000005
8,30,-234.918918,-0.000012
8,31,-234.909354,-0.000024
8,32,-234.909354,-0.000024
8,33,-234.910298,-0.001007
8,34,-234.909793,-0.000496
8,35,-234.909825,-0.000537
8,36,-234.909299,-0.000014
8,37,-234.909299,-0.000014
8,38,-234.909337,-0.000052
8,39,-234.909393,-0.000109
8,40,-234.909395,-0.000111
8,41,-234.910027,-0.000742
8,42,-234.910027,-0.000742
8,43,-234.910005,-0.000720
8,44,-234.909290,-0.000006
8,45,-234.909290,-0.000006
8,46,-234.909421,-0.000136
8,47,-234.909421,-0.000136
8,48,-234.909359,-0.000074
8,49,-234.909344,-0.000059
9,10,-234.909279,0.000000
9,11,-234.909292,0.000000
9,12,-234.909292,-0.000000
9,13,-234.909290,0.000000
9,16,-234.909281,-0.000000
9,17,-234.909299,-0.000019
9,18,-234.909316,-0.000001
9,19,-234.909372,-0.000012
9,20,-234.910550,-0.001190
9,21,-234.909294,-0.000000
9,22,-234.909341,-0.000025
9,23,-234.911628,-0.002312
9,24,-234.911236,-0.000000
9,25,-234.909458,-0.000140
9,26,-234.909373,-0.000024
9,27,-234.909287,-0.000008
9,28,-234.909902,-0.000623
9,29,-234.909306,-0.000000
9,30,-234.918901,-0.000000
9,31,-234.909327,-0.000001
9,32,-234.909387,-0.000062
9,33,-234.909536,-0.000250
9,34,-234.909304,-0.000011
9,35,-234.909333,-0.000050
9,36,-234.912149,-0.002870
9,37,-234.909317,-0.000038
9,38,-234.909464,-0.000184
9,39,-234.909511,-0.000231
9,40,-234.909510,-0.000230
9,41,-234.909292,-0.000013
9,42,-234.909876,-0.000597
9,43,-234.909327,-0.000048
9,44,-234.910249,-0.000970
9,45,-234.910249,-0.000969
9,46,-234.909294,-0.000014
9,47,-234.909777,-0.000498
9,48,-234.909294,-0.000014
9,49,-234.909308,-0.000028
10,11,-234.909292,-0.000000
10,12,-234.909292,0.000000
10,13,-234.909290,0.000000
10,16,-234.909299,-0.000019
10,17,-234.909281,-0.000000
10,18,-234.909316,-0.000001
10,19,-234.910550,-0.001190
10,20,-234.909372,-0.000012
10,21,-234.909294,-0.000000
10,22,-234.911629,-0.002312
10,23,-234.909341,-0.000025
10,24,-234.911236,-0.000000
10,25,-234.909458,-0.000140
10,26,-234.909373,-0.000024
10,27,-234.909902,-0.000623
10,28,-234.909287,-0.000008
10,29,-234.909306,-0.000000
10,30,-234.918901,-0.000000
10,31,-234.909387,-0.000062
10,32,-234.909327,-0.000001
10,33,-234.909536,-0.000250
10,34,-234.909304,-0.000011
10,35,-234.909333,-0.000050
10,36,-234.909317,-0.000038
10,37,-234.912149,-0.002870
10,38,-234.909464,-0.000184
10,39,-234.909511,-0.000231
10,40,-234.909510,-0.000230
10,41,-234.909876,-0.000597
10,42,-234.909292,-0.000013
10,43,-234.909327,-0.000048
10,44,-234.910249,-0.000970
10,45,-234.910249,-0.000969
10,46,-234.909777,-0.000498
10,47,-234.909294,-0.000014
10,48,-234.909294,-0.000014
10,49,-234.909308,-0.000028
11,12,-234.909304,0.000001
11,13,-234.909302,0.000001
11,16,-234.909320,-0.000027
11,17,-234.909295,-0.000002
11,18,-234.909344,-0.000015
11,19,-234.913753,-0.004380
11,20,-234.909406,-0.000033
11,21,-234.909392,-0.000086
11,22,-234.912684,-0.003355
11,23,-234.909349,-0.000020
11,24,-234.911441,-0.000193
11,25,-234.909365,-0.000034
11,26,-234.909419,-0.000058
11,27,-234.909320,-0.000028
11,28,-234.909293,-0.000001
11,29,-234.909379,-0.000061
11,30,-234.918951,-0.000038
11,31,-234.913478,-0.004140
11,32,-234.909388,-0.000050
11,33,-234.909308,-0.000009
11,34,-234.909326,-0.000020
11,35,-234.909301,-0.000006
11,36,-234.909293,-0.000001
11,37,-234.909351,-0.000059
11,38,-234.909297,-0.000005
11,39,-234.909298,-0.000006
11,40,-234.909297,-0.000005
11,41,-234.909337,-0.000045
11,42,-234.909293,-0.000001
11,43,-234.909295,-0.000003
11,44,-234.909305,-0.000013
11,45,-234.909305,-0.000013
11,46,-234.909303,-0.000011
11,47,-234.909292,-0.000000
11,48,-234.909305,-0.000012
11,49,-234.909298,-0.000005
12,13,-234.909302,0.000001
12,16,-234.909295,-0.000002
12,17,-234.909320,-0.000027
12,18,-234.909344,-0.000015
12,19,-234.909406,-0.000033
12,20,-234.913758,-0.004385
12,21,-234.909392,-0.000086
12,22,-234.909349,-0.000020
12,23,-234.912687,-0.003358
12,24,-234.911441,-0.000193
12,25,-234.909365,-0.000034
12,26,-234.909419,-0.000058
12,27,-234.909293,-0.000001
12,28,-234.909320,-0.000028
12,29,-234.909379,-0.000061
12,30,-234.918951,-0.000038
12,31,-234.909388,-0.000050
12,32,-234.913478,-0.004140
12,33,-234.909308,-0.000009
12,34,-234.909326,-0.000020
12,35,-234.909301,-0.000006
12,36,-234.909351,-0.000060
12,37,-234.909293,-0.000001
12,38,-234.909297,-0.000005
12,39,-234.909298,-0.000006
12,40,-234.909297,-0.000005
12,41,-234.909293,-0.000001
12,42,-234.909337,-0.000045
12,43,-234.909295,-0.000003
12,44,-234.909305,-0.000013
12,45,-234.909305,-0.000013
12,46,-234.909292,-0.000000
12,47,-234.909303,-0.000011
12,48,-234.909305,-0.000012
12,49,-234.909298,-0.000005
13,16,-234.909292,-0.000001
13,17,-234.909292,-0.000001
13,18,-234.909361,-0.000034
13,19,-234.909447,-0.000077
13,20,-234.909447,-0.000077
13,21,-234.909317,-0.000013
13,22,-234.909363,-0.000036
13,23,-234.909363,-0.000036
13,24,-234.912997,-0.001751
13,25,-234.909366,-0.000038
13,26,-234.909427,-0.000068
13,27,-234.909290,-0.000000
13,28,-234.909290,-0.000000
13,29,-234.918932,-0.009616
13,30,-234.918932,-0.000020
13,31,-234.909381,-0.000045
13,32,-234.909381,-0.000045
13,33,-234.909304,-0.000007
13,34,-234.909317,-0.000013
13,35,-234.909296,-0.000003
13,36,-234.909290,-0.000000
13,37,-234.909290,-0.000000
13,38,-234.909291,-0.000000
13,39,-234.909290,-0.000000
13,40,-234.909290,-0.000000
13,41,-234.909290,-0.000000
13,42,-234.909290,-0.000000
13,43,-234.909290,-0.000000
13,44,-234.909290,-0.000000
13,45,-234.909290,-0.000000
13,46,-234.909290,-0.000000
13,47,-234.909290,-0.000000
13,48,-234.909292,-0.000001
13,49,-234.909291,-0.000000
16,17,-234.909281,0.000000
16,18,-234.909316,0.000000
16,19,-234.909400,-0.000040
16,20,-234.909361,0.000000
16,21,-234.909294,0.000000
16,22,-234.909321,-0.000003
16,23,-234.909318,0.000000
16,24,-234.911236,0.000000
16,25,-234.909319,0.000000
16,26,-234.909350,0.000000
16,27,-234.909281,-0.000000
16,28,-234.909280,0.000000
16,29,-234.909307,0.000000
16,30,-234.918902,0.000001
16,31,-234.909329,-0.000002
16,32,-234.909326,0.000000
16,33,-234.909287,0.000000
16,34,-234.909294,0.000000
16,35,-234.909283,0.000000
16,36,-234.909280,0.000000
16,37,-234.909280,-0.000000
16,38,-234.909281,0.000000
16,39,-234.909280,0.000000
16,40,-234.909280,0.000000
16,41,-234.909280,-0.000000
16,42,-234.909280,0.000000
16,43,-234.909280,0.000000
16,44,-234.909280,0.000000
16,45,-234.909280,0.000000
16,46,-234.909280,-0.000000
16,47,-234.909280,0.000000
16,48,-234.909281,-0.000000
16,49,-234.909281,-0.000000
17,18,-234.909316,0.000000
17,19,-234.909361,0.000000
17,20,-234.909400,-0.000040
17,21,-234.909294,0.000000
17,22,-234.909318,0.000000
17,23,-234.909321,-0.000003
17,24,-234.911236,0.000000
17,25,-234.909319,0.000000
17,26,-234.909350,0.000000
17,27,-234.909280,0.000000
17,28,-234.909281,-0.000000
17,29,-234.909307,0.000000
17,30,-234.918902,0.000001
17,31,-234.909326,0.000000
17,32,-234.909329,-0.000002
17,33,-234.909287,0.000000
17,34,-234.909294,0.000000
17,35,-234.909283,0.000000
17,36,-234.909280,-0.000000
17,37,-234.909280,0.000000
17,38,-234.909281,0.000000
17,39,-234.909280,0.000000
17,40,-234.909280,0.000000
17,41,-234.909280,0.000000
17,42,-234.909280,-0.000000
17,43,-234.909280,0.000000
17,44,-234.909280,0.000000
17,45,-234.909280,0.000000
17,46,-234.909280,0.000000
17,47,-234.909280,-0.000000
17,48,-234.909281,-0.000000
17,49,-234.909281,-0.000000
18,19,-234.909394,0.000002
18,20,-234.909394,0.000002
18,21,-234.909328,0.000002
18,22,-234.909351,0.000001
18,23,-234.909351,0.000001
18,24,-234.946377,-0.035105
18,25,-234.909354,0.000000
18,26,-234.909385,0.000000
18,27,-234.909316,0.000000
18,28,-234.909316,0.000000
18,29,-234.909341,0.000001
18,30,-234.918925,0.000012
18,31,-234.909361,0.000001
18,32,-234.909361,0.000001
18,33,-234.909323,-0.000000
18,34,-234.909328,0.000001
18,35,-234.909319,0.000000
18,36,-234.909316,0.000000
18,37,-234.909316,0.000000
18,38,-234.909317,-0.000001
18,39,-234.909316,0.000000
18,40,-234.909316,0.000000
18,41,-234.909316,0.000000
18,42,-234.909316,0.000000
18,43,-234.909316,-0.000000
18,44,-234.909316,0.000000
18,45,-234.909316,0.000000
18,46,-234.909316,0.000000
18,47,-234.909316,0.000000
18,48,-234.909318,-0.000001
18,49,-234.909316,-0.000000
19,20,-234.909438,0.000002
19,21,-234.909373,0.000001
19,22,-234.909393,0.000004
19,23,-234.909396,0.000001
19,24,-234.911291,0.000024
19,25,-234.909397,0.000001
19,26,-234.909427,0.000002
19,27,-234.909362,-0.000002
19,28,-234.909360,0.000000
19,29,-234.909384,0.000002
19,30,-234.918953,0.000028
19,31,-234.909449,-0.000044
19,32,-234.909405,0.000000
19,33,-234.909366,0.000000
19,34,-234.909373,0.000000
19,35,-234.909363,0.000000
19,36,-234.909360,0.000000
19,37,-234.909360,-0.000000
19,38,-234.909360,0.000000
19,39,-234.909359,-0.000000
19,40,-234.909360,0.000000
19,41,-234.909360,-0.000000
19,42,-234.909360,0.000000
19,43,-234.909360,0.000000
19,44,-234.909359,-0.000000
19,45,-234.909359,-0.000000
19,46,-234.909360,-0.000000
19,47,-234.909359,0.000000
19,48,-234.909361,0.000000
19,49,-234.909360,0.000000
20,21,-234.909373,0.000001
20,22,-234.909396,0.000001
20,23,-234.909393,0.000004
20,24,-234.911292,0.000024
20,25,-234.909397,0.000001
20,26,-234.909427,0.000002
20,27,-234.909360,0.000000
20,28,-234.909362,-0.000002
20,29,-234.909384,0.000002
20,30,-234.918953,0.000028
20,31,-234.909405,0.000000
20,32,-234.909450,-0.000044
20,33,-234.909366,0.000000
20,34,-234.909373,0.000000
20,35,-234.909363,0.000000
20,36,-234.909360,-0.000000
20,37,-234.909360,0.000000
20,38,-234.909360,0.000000
20,39,-234.909360,-0.000000
20,40,-234.909360,0.000000
20,41,-234.909360,0.000000
20,42,-234.909360,-0.000000
20,43,-234.909360,0.000000
20,44,-234.909360,-0.000000
20,45,-234.909360,-0.000000
20,46,-234.909360,0.000000
20,47,-234.909360,-0.000000
20,48,-234.909361,0.000000
20,49,-234.909360,0.000000
21,22,-234.909330,0.000000
21,23,-234.909330,0.000000
21,24,-234.911672,-0.000423
21,25,-234.909371,-0.000039
21,26,-234.909421,-0.000058
21,27,-234.909293,0.000000
21,28,-234.909293,0.000000
21,29,-234.909319,0.000000
21,30,-234.918912,0.000003
21,31,-234.909338,0.000001
21,32,-234.909338,0.000001
21,33,-234.909314,-0.000013
21,34,-234.909319,-0.000013
21,35,-234.909304,-0.000007
21,36,-234.909293,0.000000
21,37,-234.909293,0.000000
21,38,-234.909294,-0.000000
21,39,-234.909293,0.000000
21,40,-234.909293,0.000000
21,41,-234.909293,0.000000
21,42,-234.909293,0.000000
21,43,-234.909294,-0.000000
21,44,-234.909293,0.000000
21,45,-234.909293,0.000000
21,46,-234.909293,0.000000
21,47,-234.909293,0.000000
21,48,-234.909295,-0.000001
21,49,-234.909294,-0.000000
22,23,-234.909353,0.000001
22,24,-234.911261,0.000011
22,25,-234.909354,0.000001
22,26,-234.909385,0.000001
22,27,-234.909317,-0.000000
22,28,-234.909316,0.000000
22,29,-234.909342,0.000001
22,30,-234.918927,0.000012
22,31,-234.909404,-0.000042
22,32,-234.909362,0.000000
22,33,-234.909323,0.000000
22,34,-234.909330,0.000000
22,35,-234.909319,0.000000
22,36,-234.909316,0.000000
22,37,-234.909317,-0.000000
22,38,-234.909317,0.000000
22,39,-234.909316,-0.000000
22,40,-234.909316,0.000000
22,41,-234.909317,-0.000000
22,42,-234.909316,0.000000
22,43,-234.909316,0.000000
22,44,-234.909316,-0.000000
22,45,-234.909316,-0.000000
22,46,-234.909316,-0.000000
22,47,-234.909316,0.000000
22,48,-234.909318,0.000000
22,49,-234.909317,0.000000
23,24,-234.911261,0.000011
23,25,-234.909354,0.000001
23,26,-234.909385,0.000001
23,27,-234.909317,0.000000
23,28,-234.909317,-0.000000
23,29,-234.909342,0.000001
23,30,-234.918927,0.000012
23,31,-234.909362,0.000000
23,32,-234.909404,-0.000042
23,33,-234.909323,0.000000
23,34,-234.909330,0.000000
23,35,-234.909319,0.000000
23,36,-234.909317,-0.000000
23,37,-234.909316,0.000000
23,38,-234.909317,0.000000
23,39,-234.909316,-0.000000
23,40,-234.909316,0.000000
23,41,-234.909316,0.000000
23,42,-234.909317,-0.000000
23,43,-234.909316,0.000000
23,44,-234.909316,-0.000000
23,45,-234.909316,-0.000000
23,46,-234.909316,0.000000
23,47,-234.909316,-0.000000
23,48,-234.909318,0.000000
23,49,-234.909317,0.000000
24,25,-234.911889,-0.000615
24,26,-234.912076,-0.000772
24,27,-234.911235,0.000000
24,28,-234.911235,0.000000
24,29,-234.911249,0.000012
24,30,-234.921791,-0.000934
24,31,-234.911273,0.000009
24,32,-234.911273,0.000009
24,33,-234.911492,-0.000249
24,34,-234.911458,-0.000210
24,35,-234.911390,-0.000152
24,36,-234.911235,0.000000
24,37,-234.911235,0.000000
24,38,-234.911255,-0.000019
24,39,-234.911235,0.000000
24,40,-234.911235,-0.000000
24,41,-234.911235,0.000000
24,42,-234.911235,0.000000
24,43,-234.911250,-0.000015
24,44,-234.911235,-0.000000
24,45,-234.911235,-0.000000
24,46,-234.911235,0.000000
24,47,-234.911235,0.000000
24,48,-234.911236,-0.000000
24,49,-234.911236,-0.000001
25,26,-234.909573,-0.000186
25,27,-234.909318,0.000000
25,28,-234.909318,0.000000
25,29,-234.909344,0.000000
25,30,-234.918933,0.000007
25,31,-234.909363,0.000001
25,32,-234.909363,0.000001
25,33,-234.909365,-0.000040
25,34,-234.909370,-0.000039
25,35,-234.909338,-0.000017
25,36,-234.909318,0.000000
25,37,-234.909318,0.000000
25,38,-234.909318,-0.000000
25,39,-234.909318,0.000000
25,40,-234.909318,0.000000
25,41,-234.909318,0.000000
25,42,-234.909318,0.000000
25,43,-234.909319,-0.000001
25,44,-234.909318,-0.000000
25,45,-234.909318,0.000000
25,46,-234.909318,0.000000
25,47,-234.909318,0.000000
25,48,-234.909319,-0.000000
25,49,-234.909319,-0.000000
26,27,-234.909349,0.000000
26,28,-234.909349,0.000000
26,29,-234.909374,0.000001
26,30,-234.918959,0.000012
26,31,-234.909394,0.000000
26,32,-234.909394,0.000000
26,33,-234.909415,-0.000060
26,34,-234.909411,-0.000049
26,35,-234.909378,-0.000026
26,36,-234.909349,0.000000
26,37,-234.909349,0.000000
26,38,-234.909349,0.000000
26,39,-234.909349,0.000000
26,40,-234.909349,0.000000
26,41,-234.909349,0.000000
26,42,-234.909349,0.000000
26,43,-234.909351,-0.000002
26,44,-234.909349,-0.000000
26,45,-234.909349,0.000000
26,46,-234.909349,0.000000
26,47,-234.909349,0.000000
26,48,-234.909350,0.000000
26,49,-234.909349,-0.000000
27,28,-234.909279,0.000000
27,29,-234.909306,0.000000
27,30,-234.918901,0.000000
27,31,-234.909329,-0.000004
27,32,-234.909325,0.000000
27,33,-234.909286,0.000000
27,34,-234.909293,0.000000
27,35,-234.909282,0.000000
27,36,-234.909279,0.000000
27,37,-234.909279,-0.000000
27,38,-234.909280,0.000000
27,39,-234.909279,0.000000
27,40,-234.909279,0.000000
27,41,-234.909279,-0.000000
27,42,-234.909279,0.000000
27,43,-234.909279,0.000000
27,44,-234.909279,0.000000
27,45,-234.909279,0.000000
27,46,-234.909279,-0.000000
27,47,-234.909279,0.000000
27,48,-234.909280,0.000000
27,49,-234.909280,0.000000
28,29,-234.909306,0.000000
28,30,-234.918901,0.000000
28,31,-234.909325,0.000000
28,32,-234.909329,-0.000004
28,33,-234.909286,0.000000
28,34,-234.909293,0.000000
28,35,-234.909282,0.000000
28,36,-234.909279,-0.000000
28,37,-234.909279,0.000000
28,38,-234.909280,0.000000
28,39,-234.909279,0.000000
28,40,-234.909279,0.000000
28,41,-234.909279,0.000000
28,42,-234.909279,-0.000000
28,43,-234.909279,0.000000
28,44,-234.909279,0.000000
28,45,-234.909279,0.000000
28,46,-234.909279,0.000000
28,47,-234.909279,-0.000000
28,48,-234.909280,0.000000
28,49,-234.909280,0.000000
29,30,-234.918921,0.000006
29,31,-234.909351,0.000001
29,32,-234.909351,0.000001
29,33,-234.909313,0.000000
29,34,-234.909319,0.000000
29,35,-234.909309,0.000000
29,36,-234.909306,0.000000
29,37,-234.909306,0.000000
29,38,-234.909306,0.000000
29,39,-234.909306,-0.000000
29,40,-234.909306,0.000000
29,41,-234.909306,0.000000
29,42,-234.909306,0.000000
29,43,-234.909306,0.000000
29,44,-234.909305,-0.000000
29,45,-234.909305,0.000000
29,46,-234.909305,0.000000
29,47,-234.909305,0.000000
29,48,-234.909307,0.000000
29,49,-234.909306,0.000000
30,31,-234.918936,0.000011
30,32,-234.918936,0.000011
30,33,-234.918907,0.000001
30,34,-234.918911,0.000004
30,35,-234.918903,0.000001
30,36,-234.918901,0.000000
30,37,-234.918901,0.000000
30,38,-234.918901,0.000000
30,39,-234.918901,0.000000
30,40,-234.918939,-0.000037
30,41,-234.918901,0.000000
30,42,-234.918901,0.000000
30,43,-234.918901,0.000000
30,44,-234.918901,0.000000
30,45,-234.918901,-0.000000
30,46,-234.918901,0.000000
30,47,-234.918901,0.000000
30,48,-234.918902,0.000000
30,49,-234.918901,0.000000
31,32,-234.909371,0.000001
31,33,-234.909332,0.000000
31,34,-234.909339,0.000000
31,35,-234.909328,0.000000
31,36,-234.909325,0.000000
31,37,-234.909328,-0.000003
31,38,-234.909326,0.000000
31,39,-234.909325,0.000000
31,40,-234.909325,0.000000
31,41,-234.909326,-0.000001
31,42,-234.909325,0.000000
31,43,-234.909325,0.000000
31,44,-234.909325,-0.000000
31,45,-234.909325,0.000000
31,46,-234.909325,-0.000000
31,47,-234.909325,0.000000
31,48,-234.909326,0.000000
31,49,-234.909326,0.000000
32,33,-234.909332,0.000000
32,34,-234.909339,0.000000
32,35,-234.909328,0.000000
32,36,-234.909328,-0.000003
32,37,-234.909325,0.000000
32,38,-234.909326,0.000000
32,39,-234.909325,0.000000
32,40,-234.909325,0.000000
32,41,-234.909325,0.000000
32,42,-234.909326,-0.000001
32,43,-234.909325,0.000000
32,44,-234.909325,-0.000000
32,45,-234.909325,0.000000
32,46,-234.909325,0.000000
32,47,-234.909325,-0.000000
32,48,-234.909326,0.000000
32,49,-234.909326,0.000000
33,34,-234.909319,-0.000019
33,35,-234.909299,-0.000010
33,36,-234.909286,0.000000
33,37,-234.909286,0.000000
33,38,-234.909287,-0.000000
33,39,-234.909286,0.000000
33,40,-234.909286,0.000000
33,41,-234.909286,0.000000
33,42,-234.909286,0.000000
33,43,-234.909287,-0.000001
33,44,-234.909286,-0.000000
33,45,-234.909286,0.000000
33,46,-234.909286,0.000000
33,47,-234.909286,0.000000
33,48,-234.909287,0.000000
33,49,-234.909287,-0.000000
34,35,-234.909311,-0.000015
34,36,-234.909293,0.000000
34,37,-234.909293,0.000000
34,38,-234.909293,-0.000000
34,39,-234.909293,0.000000
34,40,-234.909293,0.000000
34,41,-234.909293,0.000000
34,42,-234.909293,0.000000
34,43,-234.909293,-0.000000
34,44,-234.909293,-0.000000
34,45,-234.909293,0.000000
34,46,-234.909293,0.000000
34,47,-234.909293,0.000000
34,48,-234.909294,-0.000000
34,49,-234.909293,0.000000
35,36,-234.909282,0.000000
35,37,-234.909282,0.000000
35,38,-234.909283,-0.000000
35,39,-234.909282,0.000000
35,40,-234.909282,0.000000
35,41,-234.909282,0.000000
35,42,-234.909282,0.000000
35,43,-234.909283,-0.000000
35,44,-234.909282,0.000000
35,45,-234.909282,0.000000
35,46,-234.909282,0.000000
35,47,-234.909282,0.000000
35,48,-234.909284,-0.000000
35,49,-234.909283,0.000000
36,37,-234.909279,0.000000
36,38,-234.909280,0.000000
36,39,-234.909279,0.000000
36,40,-234.909279,0.000000
36,41,-234.909279,0.000000
36,42,-234.909279,-0.000000
36,43,-234.909279,0.000000
36,44,-234.909279,0.000000
36,45,-234.909279,0.000000
36,46,-234.909279,0.000000
36,47,-234.909279,0.000000
36,48,-234.909280,0.000000
36,49,-234.909280,0.000000
37,38,-234.909280,0.000000
37,39,-234.909279,0.000000
37,40,-234.909279,0.000000
37,41,-234.909279,-0.000000
37,42,-234.909279,0.000000
37,43,-234.909279,0.000000
37,44,-234.909279,0.000000
37,45,-234.909279,0.000000
37,46,-234.909279,0.000000
37,47,-234.909279,0.000000
37,48,-234.909280,0.000000
37,49,-234.909280,0.000000
38,39,-234.909280,0.000000
38,40,-234.909280,0.000000
38,41,-234.909280,0.000000
38,42,-234.909280,0.000000
38,43,-234.909280,-0.000000
38,44,-234.909280,0.000000
38,45,-234.909280,0.000000
38,46,-234.909280,0.000000
38,47,-234.909280,0.000000
38,48,-234.909281,-0.000000
38,49,-234.909280,-0.000000
39,40,-234.909279,0.000000
39,41,-234.909279,0.000000
39,42,-234.909279,0.000000
39,43,-234.909279,0.000000
39,44,-234.909279,-0.000000
39,45,-234.909279,0.000000
39,46,-234.909279,0.000000
39,47,-234.909279,0.000000
39,48,-234.909280,0.000000
39,49,-234.909280,0.000000
40,41,-234.909279,0.000000
40,42,-234.909279,0.000000
40,43,-234.909279,0.000000
40,44,-234.909279,0.000000
40,45,-234.909279,-0.000000
40,46,-234.909279,0.000000
40,47,-234.909279,0.000000
40,48,-234.909280,0.000000
40,49,-234.909280,0.000000
41,42,-234.909279,0.000000
41,43,-234.909279,0.000000
41,44,-234.909279,0.000000
41,45,-234.909279,0.000000
41,46,-234.909279,-0.000000
41,47,-234.909279,0.000000
41,48,-234.909280,0.000000
41,49,-234.909280,0.000000
42,43,-234.909279,0.000000
42,44,-234.909279,0.000000
42,45,-234.909279,0.000000
42,46,-234.909279,0.000000
42,47,-234.909279,-0.000000
42,48,-234.909280,0.000000
42,49,-234.909280,0.000000
43,44,-234.909279,0.000000
43,45,-234.909279,0.000000
43,46,-234.909279,0.000000
43,47,-234.909279,0.000000
43,48,-234.909280,-0.000000
43,49,-234.909280,-0.000000
44,45,-234.909279,0.000000
44,46,-234.909279,0.000000
44,47,-234.909279,0.000000
44,48,-234.909280,0.000000
44,49,-234.909280,0.000000
45,46,-234.909279,0.000000
45,47,-234.909279,0.000000
45,48,-234.909280,0.000000
45,49,-234.909280,0.000000
46,47,-234.909279,0.000000
46,48,-234.909280,0.000000
46,49,-234.909280,0.000000
47,48,-234.909280,0.000000
47,49,-234.909280,0.000000
48,49,-234.909281,-0.000001
