1.000000000000000000e+00 -9.608202464736291404e+02 -9.608202464736291404e+02
9.000000000000000222e-01 -9.602220337555810374e+02 -9.608273183500158439e+02
9.020000000000000240e-01 -9.602192257557903758e+02 -9.608230515617559604e+02
9.040000000000000258e-01 -9.602071043086250484e+02 -9.608239779455105918e+02
9.060000000000000275e-01 -9.602550405225640588e+02 -9.608166924061202963e+02
9.080000000000000293e-01 -9.602427880025943523e+02 -9.608054916103266123e+02
9.100000000000000311e-01 -9.602354513347021339e+02 -9.608179901947004282e+02
9.120000000000000329e-01 -9.602574372771376829e+02 -9.608070079465401250e+02
9.140000000000000346e-01 -9.602534445788390940e+02 -9.608146175405930762e+02
9.160000000000000364e-01 -9.602372573796913002e+02 -9.608103224609175186e+02
9.180000000000000382e-01 -9.602556134305742717e+02 -9.608206845422608922e+02
9.200000000000000400e-01 -9.602540201238679174e+02 -9.608173087977770592e+02
9.220000000000000417e-01 -9.602650472359584910e+02 -9.608011524241513825e+02
9.240000000000000435e-01 -9.602554661174096964e+02 -9.608179344894289216e+02
9.260000000000000453e-01 -9.602704993256747912e+02 -9.608050814607969414e+02
9.280000000000000471e-01 -9.602662976697901058e+02 -9.608027569444176379e+02
9.300000000000000488e-01 -9.602660194262564346e+02 -9.608163935253946875e+02
9.320000000000000506e-01 -9.602724644766495885e+02 -9.608245674226905066e+02
9.340000000000000524e-01 -9.602972625268471347e+02 -9.608114685056320923e+02
9.360000000000000542e-01 -9.602836698064046459e+02 -9.608071282393599404e+02
9.380000000000000560e-01 -9.602916522857904056e+02 -9.608319354982545519e+02
9.400000000000000577e-01 -9.602946291531771976e+02 -9.608190893426175307e+02
9.420000000000000595e-01 -9.603142225472777227e+02 -9.608190532903316807e+02
9.440000000000000613e-01 -9.603038389732028008e+02 -9.608241961973623120e+02
9.460000000000000631e-01 -9.603290088767818133e+02 -9.608131745602764795e+02
9.480000000000000648e-01 -9.603302278422708014e+02 -9.608138761199462579e+02
9.500000000000000666e-01 -9.603212539308493660e+02 -9.608107724723131469e+02
9.520000000000000684e-01 -9.603593502287915271e+02 -9.608115607498097006e+02
9.540000000000000702e-01 -9.603415953464171935e+02 -9.608225500187653552e+02
9.560000000000000719e-01 -9.603566476154619522e+02 -9.608066022730971554e+02
9.580000000000000737e-01 -9.603713922924489452e+02 -9.608074348763315129e+02
9.600000000000000755e-01 -9.603599554227437238e+02 -9.608203777085340107e+02
9.620000000000000773e-01 -9.603964079806142990e+02 -9.608158456351924315e+02
9.640000000000000790e-01 -9.603703872775628270e+02 -9.608014260212559066e+02
9.660000000000000808e-01 -9.604228794345443703e+02 -9.608185189492147629e+02
9.680000000000000826e-01 -9.604338885043242726e+02 -9.608159555542616772e+02
9.700000000000000844e-01 -9.604380636110250862e+02 -9.608366452166297904e+02
9.720000000000000862e-01 -9.604495169958199767e+02 -9.608103106804760500e+02
9.740000000000000879e-01 -9.604569141857616614e+02 -9.608124235469509813e+02
9.760000000000000897e-01 -9.604645283561484348e+02 -9.608227399513622231e+02
9.780000000000000915e-01 -9.605035167874267472e+02 -9.608153436465217965e+02
9.800000000000000933e-01 -9.605191307318953022e+02 -9.608423154197549820e+02
9.820000000000000950e-01 -9.605141139437098445e+02 -9.608256983972636363e+02
9.840000000000000968e-01 -9.605688626826419068e+02 -9.608044402332079699e+02
9.860000000000000986e-01 -9.605792173800952014e+02 -9.608148909558243531e+02
9.880000000000001004e-01 -9.606161586267420489e+02 -9.608275827866992813e+02
9.900000000000001021e-01 -9.606507017324595381e+02 -9.608241246833889591e+02
9.920000000000001039e-01 -9.606724773137416378e+02 -9.608215353210492822e+02
9.940000000000001057e-01 -9.607108473195736451e+02 -9.608302721614044231e+02
9.960000000000001075e-01 -9.607324274672951105e+02 -9.608177671423260335e+02
9.980000000000001092e-01 -9.607799900628872365e+02 -9.608231668866443442e+02
