0,-77.996419,-0.000001
1,-77.996419,-0.000001
2,-77.996541,-0.000123
3,-77.997347,-0.000930
4,-77.996479,-0.000062
5,-77.996524,-0.000106
6,-77.996538,-0.000120
9,-77.996435,-0.000017
10,-77.996430,-0.000012
11,-77.996439,-0.000021
12,-77.996420,-0.000002
13,-77.996447,-0.000029
14,-77.996734,-0.000316
15,-77.996686,-0.000268
16,-77.996455,-0.000037
17,-77.998603,-0.002186
18,-77.996513,-0.000095
19,-78.005122,-0.008704
20,-77.996453,-0.000035
21,-77.996482,-0.000064
22,-77.996432,-0.000014
23,-77.996428,-0.000010
24,-77.996480,-0.000062
25,-77.996423,-0.000006
26,-77.996636,-0.000218
27,-77.996464,-0.000046
28,-77.996862,-0.000444
29,-77.996418,-0.000001
30,-77.996419,-0.000001
31,-77.996443,-0.000026
32,-77.996622,-0.000204
33,-77.996439,-0.000022
34,-77.996422,-0.000005
35,-77.996699,-0.000281
36,-77.996513,-0.000095
37,-77.996556,-0.000139
38,-77.996447,-0.000029
39,-77.996420,-0.000002
40,-77.996423,-0.000005
41,-77.996489,-0.000071
42,-77.996556,-0.000138
43,-77.996423,-0.000005
44,-77.996420,-0.000002
45,-77.996428,-0.000011
46,-77.996423,-0.000005
47,-77.996420,-0.000002
