0,1,-77.996420,0.000000
0,2,-77.996545,-0.000003
0,3,-77.997348,0.000000
0,4,-77.996480,0.000000
0,5,-77.996525,-0.000000
0,6,-77.996539,0.000000
0,9,-77.996436,-0.000001
0,10,-77.996431,-0.000000
0,11,-77.996446,-0.000006
0,12,-77.996421,-0.000000
0,13,-77.996453,-0.000005
0,14,-77.996739,-0.000004
0,15,-77.996687,-0.000001
0,16,-77.996456,-0.000000
0,17,-77.998615,-0.000011
0,18,-77.996518,-0.000004
0,19,-78.005149,-0.000026
0,20,-77.996470,-0.000016
0,21,-77.996528,-0.000045
0,22,-77.996442,-0.000009
0,23,-77.996441,-0.000013
0,24,-77.996531,-0.000050
0,25,-77.996424,-0.000000
0,26,-77.996637,-0.000000
0,27,-77.996465,-0.000000
0,28,-77.996863,-0.000000
0,29,-77.996419,-0.000000
0,30,-77.996420,-0.000000
0,31,-77.996444,-0.000000
0,32,-77.996623,-0.000000
0,33,-77.996448,-0.000008
0,34,-77.996423,-0.000000
0,35,-77.996700,-0.000000
0,36,-77.996514,-0.000000
0,37,-77.996557,-0.000000
0,38,-77.996457,-0.000009
0,39,-77.996427,-0.000006
0,40,-77.996424,-0.000000
0,41,-77.996490,-0.000000
0,42,-77.996557,-0.000000
0,43,-77.996433,-0.000009
0,44,-77.996434,-0.000013
0,45,-77.996446,-0.000017
0,46,-77.996432,-0.000008
0,47,-77.996422,-0.000001
1,2,-77.996542,0.000000
1,3,-77.997353,-0.000005
1,4,-77.996480,0.000000
1,5,-77.996525,0.000000
1,6,-77.996539,0.000000
1,9,-77.996439,-0.000004
1,10,-77.996432,-0.000000
1,11,-77.996441,-0.000001
1,12,-77.996421,-0.000000
1,13,-77.996449,-0.000001
1,14,-77.996740,-0.000005
1,15,-77.996688,-0.000001
1,16,-77.996456,-0.000000
1,17,-77.998615,-0.000010
1,18,-77.996514,-0.000000
1,19,-78.005151,-0.000028
1,20,-77.996477,-0.000023
1,21,-77.996514,-0.000031
1,22,-77.996442,-0.000009
1,23,-77.996442,-0.000013
1,24,-77.996518,-0.000037
1,25,-77.996424,-0.000000
1,26,-77.996637,-0.000000
1,27,-77.996465,-0.000000
1,28,-77.996863,-0.000000
1,29,-77.996419,-0.000000
1,30,-77.996420,-0.000000
1,31,-77.996446,-0.000002
1,32,-77.996624,-0.000001
1,33,-77.996441,-0.000001
1,34,-77.996423,-0.000000
1,35,-77.996721,-0.000021
1,36,-77.996514,-0.000000
1,37,-77.996557,-0.000000
1,38,-77.996450,-0.000002
1,39,-77.996427,-0.000006
1,40,-77.996425,-0.000001
1,41,-77.996490,-0.000000
1,42,-77.996557,-0.000000
1,43,-77.996433,-0.000009
1,44,-77.996433,-0.000012
1,45,-77.996443,-0.000014
1,46,-77.996431,-0.000008
1,47,-77.996422,-0.000001
2,3,-77.997437,0.000034
2,4,-77.996594,0.000009
2,5,-77.996878,-0.000231
2,6,-77.996653,0.000008
2,9,-77.996587,-0.000029
2,10,-77.996669,-0.000116
2,11,-77.997757,-0.001195
2,12,-77.996560,-0.000017
2,13,-77.997548,-0.000978
2,14,-77.997278,-0.000421
2,15,-77.996871,-0.000062
2,16,-77.996762,-0.000184
2,17,-77.998846,-0.000119
2,18,-77.998049,-0.001413
2,19,-78.005482,-0.000237
2,20,-77.996651,-0.000074
2,21,-77.998020,-0.001415
2,22,-77.996701,-0.000146
2,23,-77.996664,-0.000113
2,24,-77.998565,-0.001961
2,25,-77.996567,-0.000020
2,26,-77.996860,-0.000101
2,27,-77.996638,-0.000052
2,28,-77.997213,-0.000228
2,29,-77.996553,-0.000011
2,30,-77.996562,-0.000020
2,31,-77.996635,-0.000068
2,32,-77.996760,-0.000015
2,33,-77.996985,-0.000423
2,34,-77.996690,-0.000145
2,35,-77.996938,-0.000116
2,36,-77.996701,-0.000065
2,37,-77.996752,-0.000073
2,38,-77.996958,-0.000388
2,39,-77.996574,-0.000031
2,40,-77.996620,-0.000074
2,41,-77.996656,-0.000044
2,42,-77.996762,-0.000082
2,43,-77.996588,-0.000042
2,44,-77.996580,-0.000037
2,45,-77.996841,-0.000289
2,46,-77.996625,-0.000080
2,47,-77.996578,-0.000034
3,4,-77.997386,0.000023
3,5,-77.997399,0.000054
3,6,-77.997417,0.000051
3,9,-77.999334,-0.001969
3,10,-77.997390,-0.000030
3,11,-77.997603,-0.000234
3,12,-77.997387,-0.000037
3,13,-77.997720,-0.000343
3,14,-77.998390,-0.000727
3,15,-77.999521,-0.001905
3,16,-77.997734,-0.000349
3,17,-77.999555,-0.000022
3,18,-77.997602,-0.000160
3,19,-78.006248,-0.000197
3,20,-77.999112,-0.001729
3,21,-77.997931,-0.000520
3,22,-77.997407,-0.000046
3,23,-77.997490,-0.000133
3,24,-77.997556,-0.000146
3,25,-77.997464,-0.000111
3,26,-77.997747,-0.000182
3,27,-77.997588,-0.000195
3,28,-77.998009,-0.000217
3,29,-77.997442,-0.000095
3,30,-77.997453,-0.000105
3,31,-77.997570,-0.000197
3,32,-77.997765,-0.000213
3,33,-77.997431,-0.000063
3,34,-77.997430,-0.000078
3,35,-77.998916,-0.001288
3,36,-77.997490,-0.000048
3,37,-77.997506,-0.000021
3,38,-77.997440,-0.000063
3,39,-77.997408,-0.000059
3,40,-77.997455,-0.000103
3,41,-77.997444,-0.000025
3,42,-77.997673,-0.000187
3,43,-77.997435,-0.000083
3,44,-77.997379,-0.000029
3,45,-77.997420,-0.000063
3,46,-77.997392,-0.000040
3,47,-77.997388,-0.000038
4,5,-77.996580,0.000005
4,6,-77.996577,0.000023
4,9,-77.996610,-0.000114
4,10,-77.997169,-0.000677
4,11,-77.996542,-0.000041
4,12,-77.997829,-0.001347
4,13,-77.996628,-0.000120
4,14,-77.996895,-0.000099
4,15,-77.996971,-0.000224
4,16,-77.997314,-0.000798
4,17,-77.998674,-0.000009
4,18,-77.996719,-0.000145
4,19,-78.005205,-0.000021
4,20,-77.996742,-0.000227
4,21,-77.996687,-0.000144
4,22,-77.997238,-0.000744
4,23,-77.998214,-0.001725
4,24,-77.996611,-0.000069
4,25,-77.996725,-0.000240
4,26,-77.997169,-0.000472
4,27,-77.996810,-0.000285
4,28,-77.996975,-0.000051
4,29,-77.996674,-0.000194
4,30,-77.996607,-0.000126
4,31,-77.996733,-0.000229
4,32,-77.996809,-0.000126
4,33,-77.996611,-0.000110
4,34,-77.996649,-0.000165
4,35,-77.996783,-0.000023
4,36,-77.996604,-0.000030
4,37,-77.996701,-0.000083
4,38,-77.996548,-0.000040
4,39,-77.996597,-0.000116
4,40,-77.996525,-0.000041
4,41,-77.996608,-0.000058
4,42,-77.996626,-0.000009
4,43,-77.996554,-0.000070
4,44,-77.996563,-0.000082
4,45,-77.996504,-0.000015
4,46,-77.996536,-0.000052
4,47,-77.996583,-0.000101
5,6,-77.996634,0.000010
5,9,-77.996730,-0.000190
5,10,-77.996641,-0.000105
5,11,-77.996679,-0.000134
5,12,-77.996537,-0.000011
5,13,-77.999966,-0.003413
5,14,-77.997911,-0.001071
5,15,-77.996882,-0.000090
5,16,-77.997095,-0.000535
5,17,-77.998755,-0.000046
5,18,-77.997527,-0.000909
5,19,-78.005261,-0.000033
5,20,-77.997019,-0.000459
5,21,-77.996751,-0.000163
5,22,-77.996627,-0.000089
5,23,-77.996607,-0.000073
5,24,-78.003347,-0.006761
5,25,-77.996605,-0.000076
5,26,-77.996792,-0.000050
5,27,-77.996620,-0.000051
5,28,-77.997613,-0.000645
5,29,-77.996575,-0.000050
5,30,-77.996607,-0.000082
5,31,-77.996629,-0.000080
5,32,-77.996819,-0.000091
5,33,-77.996731,-0.000186
5,34,-77.996802,-0.000274
5,35,-77.996959,-0.000154
5,36,-77.996724,-0.000105
5,37,-77.996682,-0.000019
5,38,-77.996652,-0.000099
5,39,-77.996581,-0.000056
5,40,-77.996745,-0.000216
5,41,-77.996601,-0.000006
5,42,-77.996820,-0.000158
5,43,-77.996586,-0.000058
5,44,-77.996564,-0.000038
5,45,-77.996763,-0.000229
5,46,-77.996609,-0.000080
5,47,-77.996576,-0.000050
6,9,-77.996636,-0.000081
6,10,-77.996930,-0.000380
6,11,-77.996687,-0.000128
6,12,-77.996928,-0.000387
6,13,-77.996820,-0.000252
6,14,-77.996869,-0.000015
6,15,-77.997127,-0.000321
6,16,-77.999945,-0.003369
6,17,-77.998729,-0.000005
6,18,-77.996958,-0.000325
6,19,-78.005259,-0.000016
6,20,-77.996992,-0.000419
6,21,-77.996887,-0.000285
6,22,-77.997350,-0.000798
6,23,-77.997632,-0.001084
6,24,-77.996659,-0.000059
6,25,-77.996838,-0.000294
6,26,-77.997161,-0.000405
6,27,-77.997104,-0.000520
6,28,-77.997060,-0.000077
6,29,-77.996761,-0.000223
6,30,-77.996892,-0.000353
6,31,-77.996759,-0.000195
6,32,-77.996989,-0.000247
6,33,-77.996729,-0.000170
6,34,-77.997012,-0.000470
6,35,-77.996837,-0.000018
6,36,-77.996676,-0.000043
6,37,-77.996723,-0.000046
6,38,-77.996629,-0.000062
6,39,-77.996690,-0.000150
6,40,-77.996590,-0.000047
6,41,-77.996667,-0.000058
6,42,-77.996684,-0.000007
6,43,-77.996604,-0.000061
6,44,-77.996752,-0.000211
6,45,-77.996567,-0.000018
6,46,-77.996595,-0.000052
6,47,-77.996601,-0.000061
9,10,-77.996446,0.000002
9,11,-77.996454,0.000002
9,12,-77.996437,0.000000
9,13,-77.996464,0.000000
9,14,-77.996754,-0.000003
9,15,-77.996722,-0.000020
9,16,-77.996471,0.000001
9,17,-77.998619,0.000001
9,18,-77.996530,0.000000
9,19,-78.005134,0.000004
9,20,-77.996513,-0.000043
9,21,-77.996498,0.000001
9,22,-77.996448,0.000000
9,23,-77.996445,0.000000
9,24,-77.996497,0.000001
9,25,-77.996440,0.000000
9,26,-77.996652,0.000000
9,27,-77.996480,0.000000
9,28,-77.996879,0.000000
9,29,-77.996435,0.000000
9,30,-77.996436,0.000000
9,31,-77.996469,-0.000009
9,32,-77.996639,-0.000000
9,33,-77.996456,0.000000
9,34,-77.996439,0.000000
9,35,-77.996791,-0.000076
9,36,-77.996530,0.000000
9,37,-77.996573,0.000000
9,38,-77.996464,0.000000
9,39,-77.996437,0.000000
9,40,-77.996441,-0.000002
9,41,-77.996506,0.000000
9,42,-77.996573,0.000000
9,43,-77.996441,-0.000001
9,44,-77.996437,0.000000
9,45,-77.996445,0.000000
9,46,-77.996439,0.000000
9,47,-77.996437,0.000000
10,11,-77.996450,0.000001
10,12,-77.996432,0.000001
10,13,-77.996459,0.000000
10,14,-77.996746,0.000001
10,15,-77.996698,0.000000
10,16,-77.996490,-0.000023
10,17,-77.998615,0.000001
10,18,-77.996525,0.000000
10,19,-78.005133,0.000001
10,20,-77.996465,0.000000
10,21,-77.996494,0.000000
10,22,-77.996453,-0.000009
10,23,-77.996440,0.000000
10,24,-77.996492,0.000000
10,25,-77.996436,0.000000
10,26,-77.996648,0.000000
10,27,-77.996476,0.000000
10,28,-77.996874,0.000000
10,29,-77.996431,0.000000
10,30,-77.996431,-0.000000
10,31,-77.996456,0.000000
10,32,-77.996634,-0.000000
10,33,-77.996452,0.000000
10,34,-77.996439,-0.000004
10,35,-77.996711,0.000000
10,36,-77.996525,0.000000
10,37,-77.996568,0.000001
10,38,-77.996459,0.000000
10,39,-77.996432,0.000000
10,40,-77.996435,0.000000
10,41,-77.996501,0.000000
10,42,-77.996568,0.000000
10,43,-77.996435,0.000000
10,44,-77.996433,-0.000000
10,45,-77.996441,0.000000
10,46,-77.996435,0.000000
10,47,-77.996432,0.000000
11,12,-77.996440,0.000001
11,13,-77.996493,-0.000024
11,14,-77.996754,0.000002
11,15,-77.996706,0.000001
11,16,-77.996476,0.000000
11,17,-77.998624,0.000001
11,18,-77.996589,-0.000055
11,19,-78.005136,0.000007
11,20,-77.996474,0.000001
11,21,-77.996570,-0.000067
11,22,-77.996453,0.000000
11,23,-77.996449,0.000000
11,24,-77.996520,-0.000019
11,25,-77.996445,0.000000
11,26,-77.996657,0.000000
11,27,-77.996485,0.000000
11,28,-77.996883,0.000000
11,29,-77.996439,0.000000
11,30,-77.996440,0.000000
11,31,-77.996464,0.000000
11,32,-77.996643,0.000000
11,33,-77.996484,-0.000023
11,34,-77.996443,0.000000
11,35,-77.996719,0.000000
11,36,-77.996534,0.000000
11,37,-77.996577,0.000000
11,38,-77.996497,-0.000029
11,39,-77.996441,0.000000
11,40,-77.996444,0.000000
11,41,-77.996510,0.000000
11,42,-77.996577,0.000000
11,43,-77.996444,0.000000
11,44,-77.996441,0.000000
11,45,-77.996459,-0.000009
11,46,-77.996446,-0.000002
11,47,-77.996441,0.000000
12,13,-77.996449,0.000000
12,14,-77.996736,0.000000
12,15,-77.996688,0.000000
12,16,-77.996457,0.000000
12,17,-77.998605,0.000000
12,18,-77.996515,0.000000
12,19,-78.005124,0.000000
12,20,-77.996455,0.000000
12,21,-77.996484,0.000000
12,22,-77.996434,0.000000
12,23,-77.996438,-0.000008
12,24,-77.996482,0.000000
12,25,-77.996428,-0.000002
12,26,-77.996638,0.000000
12,27,-77.996466,0.000000
12,28,-77.996864,0.000000
12,29,-77.996421,-0.000000
12,30,-77.996421,0.000000
12,31,-77.996445,0.000000
12,32,-77.996624,-0.000000
12,33,-77.996442,0.000000
12,34,-77.996424,0.000000
12,35,-77.996701,0.000000
12,36,-77.996515,0.000000
12,37,-77.996558,0.000000
12,38,-77.996449,0.000000
12,39,-77.996423,-0.000001
12,40,-77.996425,0.000000
12,41,-77.996491,0.000000
12,42,-77.996558,0.000000
12,43,-77.996425,0.000000
12,44,-77.996422,0.000000
12,45,-77.996430,0.000000
12,46,-77.996425,0.000000
12,47,-77.996422,0.000000
13,14,-77.996758,0.000005
13,15,-77.996710,0.000005
13,16,-77.996484,0.000000
13,17,-77.998631,0.000002
13,18,-77.996607,-0.000065
13,19,-78.005149,0.000002
13,20,-77.996482,0.000000
13,21,-77.996538,-0.000027
13,22,-77.996461,0.000000
13,23,-77.996457,0.000000
13,24,-77.996565,-0.000056
13,25,-77.996452,0.000000
13,26,-77.996664,0.000000
13,27,-77.996493,0.000000
13,28,-77.996891,0.000001
13,29,-77.996447,0.000000
13,30,-77.996448,0.000000
13,31,-77.996472,0.000000
13,32,-77.996651,0.000000
13,33,-77.996490,-0.000021
13,34,-77.996451,0.000000
13,35,-77.996727,0.000001
13,36,-77.996542,0.000000
13,37,-77.996585,0.000000
13,38,-77.996488,-0.000012
13,39,-77.996449,0.000000
13,40,-77.996452,0.000000
13,41,-77.996518,0.000000
13,42,-77.996584,0.000001
13,43,-77.996452,0.000000
13,44,-77.996449,0.000000
13,45,-77.996464,-0.000006
13,46,-77.996455,-0.000003
13,47,-77.996449,0.000000
14,15,-77.997457,-0.000455
14,16,-77.996767,0.000004
14,17,-77.998882,0.000038
14,18,-77.996828,0.000001
14,19,-78.005434,0.000005
14,20,-77.996772,-0.000003
14,21,-77.996797,0.000001
14,22,-77.996746,0.000002
14,23,-77.996744,0.000000
14,24,-77.996792,0.000005
14,25,-77.996739,0.000000
14,26,-77.996951,0.000001
14,27,-77.996780,0.000000
14,28,-77.997173,0.000005
14,29,-77.996734,0.000000
14,30,-77.996735,0.000000
14,31,-77.996796,-0.000037
14,32,-77.996937,0.000001
14,33,-77.996755,0.000001
14,34,-77.996738,0.000000
14,35,-77.997074,-0.000059
14,36,-77.996829,0.000000
14,37,-77.996872,0.000000
14,38,-77.996763,0.000001
14,39,-77.996736,0.000000
14,40,-77.996752,-0.000013
14,41,-77.996805,0.000000
14,42,-77.996871,0.000001
14,43,-77.996739,-0.000000
14,44,-77.996736,0.000000
14,45,-77.996744,0.000001
14,46,-77.996739,0.000000
14,47,-77.996736,0.000000
15,16,-77.996720,0.000003
15,17,-77.998838,0.000034
15,18,-77.996766,0.000015
15,19,-78.005420,-0.000030
15,20,-77.996727,-0.000005
15,21,-77.996748,0.000002
15,22,-77.996699,0.000000
15,23,-77.996695,0.000000
15,24,-77.996747,0.000001
15,25,-77.996691,0.000001
15,26,-77.996903,0.000001
15,27,-77.996731,0.000000
15,28,-77.997127,0.000003
15,29,-77.996686,0.000000
15,30,-77.996687,0.000000
15,31,-77.996789,-0.000077
15,32,-77.996886,0.000004
15,33,-77.996707,0.000001
15,34,-77.996690,0.000000
15,35,-77.997105,-0.000138
15,36,-77.996781,-0.000000
15,37,-77.996824,0.000000
15,38,-77.996714,0.000000
15,39,-77.996688,0.000000
15,40,-77.996697,-0.000006
15,41,-77.996757,0.000000
15,42,-77.996824,-0.000000
15,43,-77.996702,-0.000011
15,44,-77.996688,0.000000
15,45,-77.996696,0.000000
15,46,-77.996690,0.000000
15,47,-77.996688,0.000000
16,17,-77.998637,0.000003
16,18,-77.996548,0.000002
16,19,-78.005158,0.000000
16,20,-77.996489,0.000001
16,21,-77.996518,0.000001
16,22,-77.996471,-0.000003
16,23,-77.996464,0.000000
16,24,-77.996517,0.000000
16,25,-77.996459,0.000001
16,26,-77.996672,0.000001
16,27,-77.996500,0.000000
16,28,-77.996898,0.000001
16,29,-77.996455,0.000000
16,30,-77.996457,-0.000002
16,31,-77.996480,0.000000
16,32,-77.996659,0.000000
16,33,-77.996476,0.000000
16,34,-77.996468,-0.000009
16,35,-77.996735,0.000001
16,36,-77.996549,0.000000
16,37,-77.996593,0.000001
16,38,-77.996483,0.000000
16,39,-77.996457,0.000000
16,40,-77.996460,0.000000
16,41,-77.996526,0.000000
16,42,-77.996593,0.000000
16,43,-77.996460,0.000000
16,44,-77.996457,0.000000
16,45,-77.996465,0.000000
16,46,-77.996459,0.000000
16,47,-77.996457,0.000000
17,18,-77.998690,0.000008
17,19,-78.007208,0.000099
17,20,-77.998636,0.000003
17,21,-77.998661,0.000006
17,22,-77.998616,0.000002
17,23,-77.998613,0.000001
17,24,-77.998661,0.000004
17,25,-77.998608,0.000001
17,26,-77.998820,0.000002
17,27,-77.998649,0.000000
17,28,-77.999172,-0.000124
17,29,-77.998604,0.000000
17,30,-77.998604,0.000000
17,31,-77.998628,0.000001
17,32,-77.998795,0.000012
17,33,-77.998624,0.000001
17,34,-77.998608,0.000000
17,35,-77.998875,0.000009
17,36,-77.998717,-0.000019
17,37,-77.998738,0.000003
17,38,-77.998631,0.000001
17,39,-77.998605,0.000000
17,40,-77.998608,0.000000
17,41,-77.998672,0.000002
17,42,-77.998735,0.000006
17,43,-77.998608,0.000000
17,44,-77.998605,0.000000
17,45,-77.998614,0.000000
17,46,-77.998608,0.000000
17,47,-77.998606,0.000000
18,19,-78.005244,-0.000027
18,20,-77.996547,0.000001
18,21,-77.996600,-0.000023
18,22,-77.996527,0.000000
18,23,-77.996522,0.000000
18,24,-77.996600,-0.000025
18,25,-77.996518,0.000001
18,26,-77.996730,0.000000
18,27,-77.996559,0.000000
18,28,-77.996956,0.000001
18,29,-77.996513,0.000000
18,30,-77.996514,0.000000
18,31,-77.996538,0.000000
18,32,-77.996712,0.000005
18,33,-77.996583,-0.000049
18,34,-77.996517,0.000000
18,35,-77.996792,0.000001
18,36,-77.996608,-0.000000
18,37,-77.996651,0.000000
18,38,-77.996586,-0.000044
18,39,-77.996515,0.000000
18,40,-77.996518,0.000000
18,41,-77.996584,0.000000
18,42,-77.996651,0.000000
18,43,-77.996518,0.000000
18,44,-77.996515,0.000000
18,45,-77.996543,-0.000019
18,46,-77.996526,-0.000008
18,47,-77.996515,0.000000
19,20,-78.005143,0.000014
19,21,-78.005162,0.000024
19,22,-78.005133,0.000003
19,23,-78.005129,0.000003
19,24,-78.005166,0.000019
19,25,-78.005129,-0.000001
19,26,-78.005317,0.000023
19,27,-78.005160,0.000008
19,28,-78.005578,-0.000012
19,29,-78.005123,-0.000000
19,30,-78.005123,0.000000
19,31,-78.005146,0.000002
19,32,-78.005418,-0.000092
19,33,-78.005137,0.000006
19,34,-78.005126,0.000001
19,35,-78.005339,0.000063
19,36,-78.005244,-0.000027
19,37,-78.005241,0.000019
19,38,-78.005141,0.000010
19,39,-78.005123,0.000001
19,40,-78.005126,0.000001
19,41,-78.005172,0.000021
19,42,-78.005316,-0.000055
19,43,-78.005126,0.000001
19,44,-78.005123,0.000001
19,45,-78.005130,0.000003
19,46,-78.005125,0.000001
19,47,-78.005123,0.000001
20,21,-77.996512,0.000005
20,22,-77.996467,0.000001
20,23,-77.996463,0.000001
20,24,-77.996514,0.000002
20,25,-77.996459,0.000000
20,26,-77.996670,0.000001
20,27,-77.996499,0.000000
20,28,-77.996897,0.000000
20,29,-77.996454,0.000000
20,30,-77.996454,0.000000
20,31,-77.996493,-0.000015
20,32,-77.996657,0.000000
20,33,-77.996474,0.000000
20,34,-77.996458,0.000000
20,35,-77.996871,-0.000137
20,36,-77.996548,0.000000
20,37,-77.996591,0.000001
20,38,-77.996482,0.000000
20,39,-77.996455,0.000000
20,40,-77.996461,-0.000003
20,41,-77.996524,0.000000
20,42,-77.996591,0.000000
20,43,-77.996460,-0.000002
20,44,-77.996455,0.000000
20,45,-77.996463,0.000000
20,46,-77.996458,0.000000
20,47,-77.996455,0.000000
21,22,-77.996495,0.000001
21,23,-77.996491,0.000001
21,24,-77.996603,-0.000058
21,25,-77.996487,0.000000
21,26,-77.996699,0.000001
21,27,-77.996527,0.000000
21,28,-77.996925,0.000001
21,29,-77.996482,0.000000
21,30,-77.996483,0.000000
21,31,-77.996507,0.000000
21,32,-77.996686,0.000000
21,33,-77.996550,-0.000047
21,34,-77.996486,0.000000
21,35,-77.996761,0.000001
21,36,-77.996576,0.000000
21,37,-77.996620,0.000001
21,38,-77.996562,-0.000051
21,39,-77.996484,0.000000
21,40,-77.996487,0.000000
21,41,-77.996552,0.000001
21,42,-77.996620,0.000001
21,43,-77.996487,0.000000
21,44,-77.996484,0.000000
21,45,-77.996501,-0.000008
21,46,-77.996492,-0.000005
21,47,-77.996484,0.000000
22,23,-77.996441,0.000001
22,24,-77.996494,0.000000
22,25,-77.996437,0.000000
22,26,-77.996649,0.000000
22,27,-77.996478,0.000000
22,28,-77.996876,0.000000
22,29,-77.996432,0.000000
22,30,-77.996435,-0.000002
22,31,-77.996457,0.000000
22,32,-77.996636,0.000000
22,33,-77.996453,0.000000
22,34,-77.996438,-0.000001
22,35,-77.996712,0.000000
22,36,-77.996527,0.000000
22,37,-77.996570,0.000000
22,38,-77.996461,0.000000
22,39,-77.996434,0.000000
22,40,-77.996437,0.000000
22,41,-77.996503,0.000000
22,42,-77.996570,0.000000
22,43,-77.996437,0.000000
22,44,-77.996434,-0.000000
22,45,-77.996442,0.000000
22,46,-77.996437,0.000000
22,47,-77.996434,0.000000
23,24,-77.996490,0.000000
23,25,-77.996434,-0.000000
23,26,-77.996645,0.000000
23,27,-77.996473,0.000000
23,28,-77.996872,0.000000
23,29,-77.996428,-0.000000
23,30,-77.996429,0.000000
23,31,-77.996453,0.000000
23,32,-77.996632,-0.000000
23,33,-77.996449,0.000000
23,34,-77.996432,0.000000
23,35,-77.996708,0.000000
23,36,-77.996523,0.000000
23,37,-77.996566,0.000000
23,38,-77.996457,0.000000
23,39,-77.996435,-0.000006
23,40,-77.996433,0.000000
23,41,-77.996498,0.000000
23,42,-77.996566,0.000000
23,43,-77.996433,0.000000
23,44,-77.996430,0.000000
23,45,-77.996438,0.000000
23,46,-77.996432,0.000000
23,47,-77.996430,0.000000
24,25,-77.996486,0.000000
24,26,-77.996698,0.000000
24,27,-77.996526,0.000000
24,28,-77.996922,0.000002
24,29,-77.996481,0.000000
24,30,-77.996481,0.000000
24,31,-77.996505,0.000001
24,32,-77.996684,0.000001
24,33,-77.996539,-0.000037
24,34,-77.996485,0.000000
24,35,-77.996760,0.000002
24,36,-77.996575,0.000001
24,37,-77.996618,0.000000
24,38,-77.996517,-0.000008
24,39,-77.996482,0.000000
24,40,-77.996485,0.000000
24,41,-77.996551,0.000000
24,42,-77.996616,0.000002
24,43,-77.996485,0.000000
24,44,-77.996482,0.000000
24,45,-77.996491,-0.000000
24,46,-77.996494,-0.000009
24,47,-77.996482,0.000000
25,26,-77.996641,0.000000
25,27,-77.996469,0.000000
25,28,-77.996867,0.000000
25,29,-77.996425,-0.000001
25,30,-77.996424,0.000000
25,31,-77.996449,0.000000
25,32,-77.996628,0.000000
25,33,-77.996445,0.000000
25,34,-77.996428,0.000000
25,35,-77.996704,0.000000
25,36,-77.996518,0.000000
25,37,-77.996562,0.000000
25,38,-77.996452,0.000000
25,39,-77.996426,-0.000001
25,40,-77.996428,0.000000
25,41,-77.996494,0.000000
25,42,-77.996562,0.000000
25,43,-77.996428,0.000000
25,44,-77.996426,0.000000
25,45,-77.996434,0.000000
25,46,-77.996428,0.000000
25,47,-77.996426,-0.000000
26,27,-77.996672,0.000009
26,28,-77.997075,0.000004
26,29,-77.996636,0.000000
26,30,-77.996636,0.000000
26,31,-77.996661,0.000000
26,32,-77.996845,-0.000005
26,33,-77.996657,0.000000
26,34,-77.996640,0.000000
26,35,-77.996916,0.000001
26,36,-77.996725,0.000005
26,37,-77.997038,-0.000264
26,38,-77.996664,0.000000
26,39,-77.996637,0.000000
26,40,-77.996640,0.000000
26,41,-77.996704,0.000003
26,42,-77.996772,0.000001
26,43,-77.996640,0.000000
26,44,-77.996638,0.000000
26,45,-77.996646,0.000000
26,46,-77.996640,0.000000
26,47,-77.996638,0.000000
27,28,-77.996906,0.000002
27,29,-77.996464,0.000000
27,30,-77.996465,0.000000
27,31,-77.996489,0.000000
27,32,-77.996671,-0.000003
27,33,-77.996485,0.000000
27,34,-77.996468,0.000000
27,35,-77.996744,0.000000
27,36,-77.996557,0.000002
27,37,-77.996601,0.000002
27,38,-77.996493,0.000000
27,39,-77.996466,0.000000
27,40,-77.996469,0.000000
27,41,-77.996612,-0.000078
27,42,-77.996601,0.000001
27,43,-77.996469,0.000000
27,44,-77.996466,0.000000
27,45,-77.996474,0.000000
27,46,-77.996468,0.000000
27,47,-77.996466,0.000000
28,29,-77.996862,0.000000
28,30,-77.996863,0.000000
28,31,-77.996886,0.000001
28,32,-77.997066,0.000000
28,33,-77.996883,0.000000
28,34,-77.996866,0.000000
28,35,-77.997142,0.000001
28,36,-77.997151,-0.000194
28,37,-77.996996,0.000005
28,38,-77.996891,0.000000
28,39,-77.996864,0.000000
28,40,-77.996867,0.000000
28,41,-77.996932,0.000001
28,42,-77.996993,0.000007
28,43,-77.996867,0.000000
28,44,-77.996864,0.000000
28,45,-77.996872,0.000000
28,46,-77.996867,0.000000
28,47,-77.996864,0.000000
29,30,-77.996419,0.000000
29,31,-77.996444,0.000000
29,32,-77.996622,-0.000000
29,33,-77.996440,0.000000
29,34,-77.996423,0.000000
29,35,-77.996699,0.000000
29,36,-77.996513,0.000000
29,37,-77.996557,0.000000
29,38,-77.996447,0.000000
29,39,-77.996420,-0.000000
29,40,-77.996423,0.000000
29,41,-77.996489,0.000000
29,42,-77.996557,0.000000
29,43,-77.996423,0.000000
29,44,-77.996420,0.000000
29,45,-77.996429,0.000000
29,46,-77.996423,0.000000
29,47,-77.996421,-0.000000
30,31,-77.996444,0.000000
30,32,-77.996623,-0.000000
30,33,-77.996440,0.000000
30,34,-77.996424,-0.000000
30,35,-77.996699,0.000000
30,36,-77.996514,0.000000
30,37,-77.996557,0.000000
30,38,-77.996448,0.000000
30,39,-77.996421,0.000000
30,40,-77.996424,0.000000
30,41,-77.996490,0.000000
30,42,-77.996557,0.000000
30,43,-77.996424,0.000000
30,44,-77.996422,-0.000001
30,45,-77.996429,0.000000
30,46,-77.996424,0.000000
30,47,-77.996421,0.000000
31,32,-77.996647,0.000000
31,33,-77.996464,0.000001
31,34,-77.996448,0.000000
31,35,-77.996804,-0.000080
31,36,-77.996538,0.000000
31,37,-77.996582,0.000000
31,38,-77.996472,0.000000
31,39,-77.996445,0.000000
31,40,-77.996449,-0.000000
31,41,-77.996514,0.000000
31,42,-77.996581,0.000000
31,43,-77.996461,-0.000012
31,44,-77.996445,0.000000
31,45,-77.996454,0.000000
31,46,-77.996448,0.000000
31,47,-77.996445,0.000000
32,33,-77.996643,0.000000
32,34,-77.996627,-0.000000
32,35,-77.996900,0.000003
32,36,-77.996719,-0.000002
32,37,-77.996760,0.000000
32,38,-77.996651,0.000000
32,39,-77.996624,-0.000000
32,40,-77.996627,0.000000
32,41,-77.996692,0.000001
32,42,-77.996790,-0.000030
32,43,-77.996627,-0.000000
32,44,-77.996624,0.000000
32,45,-77.996632,0.000000
32,46,-77.996627,0.000000
32,47,-77.996624,-0.000000
33,34,-77.996444,0.000000
33,35,-77.996720,0.000001
33,36,-77.996534,0.000000
33,37,-77.996578,0.000000
33,38,-77.996502,-0.000034
33,39,-77.996441,0.000000
33,40,-77.996444,0.000000
33,41,-77.996510,0.000000
33,42,-77.996577,0.000000
33,43,-77.996444,0.000000
33,44,-77.996441,0.000000
33,45,-77.996457,-0.000008
33,46,-77.996457,-0.000013
33,47,-77.996442,0.000000
34,35,-77.996703,0.000000
34,36,-77.996517,0.000000
34,37,-77.996561,0.000000
34,38,-77.996451,0.000000
34,39,-77.996424,0.000000
34,40,-77.996427,0.000000
34,41,-77.996493,0.000000
34,42,-77.996561,0.000000
34,43,-77.996427,0.000000
34,44,-77.996426,-0.000001
34,45,-77.996433,0.000000
34,46,-77.996427,0.000000
34,47,-77.996424,0.000000
35,36,-77.996794,-0.000000
35,37,-77.996836,0.000001
35,38,-77.996724,0.000004
35,39,-77.996701,0.000000
35,40,-77.996734,-0.000030
35,41,-77.996769,0.000001
35,42,-77.996836,0.000001
35,43,-77.996732,-0.000028
35,44,-77.996701,0.000000
35,45,-77.996708,0.000001
35,46,-77.996703,0.000000
35,47,-77.996701,0.000000
36,37,-77.996650,0.000002
36,38,-77.996542,0.000000
36,39,-77.996515,0.000000
36,40,-77.996518,0.000000
36,41,-77.996583,0.000001
36,42,-77.996647,0.000004
36,43,-77.996518,0.000000
36,44,-77.996515,0.000000
36,45,-77.996523,0.000000
36,46,-77.996518,0.000000
36,47,-77.996515,0.000000
37,38,-77.996585,0.000000
37,39,-77.996558,0.000000
37,40,-77.996561,0.000000
37,41,-77.996623,0.000005
37,42,-77.996693,0.000001
37,43,-77.996561,0.000000
37,44,-77.996558,0.000000
37,45,-77.996567,0.000000
37,46,-77.996561,0.000000
37,47,-77.996558,0.000000
38,39,-77.996449,0.000000
38,40,-77.996452,0.000000
38,41,-77.996518,0.000000
38,42,-77.996585,0.000000
38,43,-77.996452,0.000000
38,44,-77.996449,0.000000
38,45,-77.996480,-0.000023
38,46,-77.996458,-0.000006
38,47,-77.996449,0.000000
39,40,-77.996425,0.000000
39,41,-77.996491,0.000000
39,42,-77.996558,0.000000
39,43,-77.996425,0.000000
39,44,-77.996422,0.000000
39,45,-77.996430,0.000000
39,46,-77.996424,0.000000
39,47,-77.996423,-0.000001
40,41,-77.996494,0.000000
40,42,-77.996561,0.000000
40,43,-77.996428,-0.000000
40,44,-77.996425,0.000000
40,45,-77.996433,0.000000
40,46,-77.996428,0.000000
40,47,-77.996425,0.000000
41,42,-77.996626,0.000001
41,43,-77.996494,0.000000
41,44,-77.996491,0.000000
41,45,-77.996499,0.000000
41,46,-77.996494,0.000000
41,47,-77.996491,0.000000
42,43,-77.996561,0.000000
42,44,-77.996558,0.000000
42,45,-77.996566,0.000000
42,46,-77.996561,0.000000
42,47,-77.996558,0.000000
43,44,-77.996425,0.000000
43,45,-77.996433,0.000000
43,46,-77.996427,0.000000
43,47,-77.996425,0.000000
44,45,-77.996430,0.000000
44,46,-77.996425,0.000000
44,47,-77.996422,0.000000
45,46,-77.996434,-0.000001
45,47,-77.996430,0.000000
46,47,-77.996425,0.000000
