#INPORB 2.2
#INFO
* RASSCF spin density orbitals for root number  1
       0       1       0
      28
      28
*BC:HOST mgt PID 65426 DATE Thu Oct  9 14:57:14 2025
#ORB
* ORBITAL    1    1
 -2.98432886272544E-04 -2.12713991959008E-04 -7.32735882525151E-03 -3.81771476964026E-17 -2.90093726070378E-17
 -8.93493986063738E-17  1.02785556607125E-16  1.52903847325168E-03 -5.20226032806121E-03 -2.43215769261482E-18
  1.44149925968290E-17  1.67159274718478E-03 -1.13087378938898E-17  1.68406575315630E-08  9.90276151403910E-01
 -3.47605911018534E-02  1.97910105453073E-02  1.06753933638395E-18  4.09102699781599E-17  1.87094852734772E-17
  4.29460793177278E-18  2.96000080292131E-03 -3.74915215620313E-03 -1.57502560970286E-17 -7.27310503151977E-18
 -8.75056120374744E-04  5.78663913519190E-18 -1.15791852473238E-07
* ORBITAL    1    2
  9.91703295943204E-01  3.14603748706999E-02 -5.79656992577900E-03  6.16334144598856E-18 -7.09420728429565E-17
  4.43505552916410E-17  3.03856874210253E-17  4.48804959289876E-03  2.28181865125608E-03 -3.43705443127685E-17
 -4.94959925265551E-17  2.22650335959541E-03 -4.49727794542268E-18 -5.23180560576230E-09  7.78296323337551E-04
  3.16179618760971E-05 -6.28866294899944E-03  9.44028338535895E-18  4.19382216383923E-17 -2.84067232141448E-17
 -4.85671446109622E-17 -1.18028354875620E-04  4.91680960461675E-03 -6.62798470584919E-18  1.50193125788798E-17
  5.26348656630984E-04 -8.20182613048275E-18 -5.72215142710354E-11
* ORBITAL    1    3
 -1.45082271236557E-01  2.73071566192172E-01  1.46867957565296E-02 -3.16381720351790E-16  7.56047899940369E-17
 -4.09482996946281E-17  7.32450971231729E-17  2.17868185500798E-01  3.52828531907989E-03  8.12973571486781E-18
 -1.95621393850315E-17  3.83474009322725E-02 -4.17477181282673E-17 -1.03307088241513E-07  2.65486251089104E-01
  5.22544643566258E-01  2.61804454992382E-01  1.11191325025989E-15  6.09257374218349E-16 -1.39055913299895E-16
 -2.51177873119750E-17 -1.68141880613971E-01 -2.56627612790170E-02 -3.63858248704534E-17 -3.81873063545060E-18
  1.94398542233647E-02 -4.20233774834961E-17 -1.98182931423896E-06
* ORBITAL    1    4
  1.62256645247322E-01 -3.64270007221004E-01 -7.23791943718397E-02  3.05590887582746E-16  3.14213389811355E-16
 -2.92075615354762E-16 -8.82775919437928E-17 -1.38079323226913E-01  3.08105588253898E-02  1.70929863818022E-17
 -1.12491821252342E-16 -1.89395291494532E-02 -1.11900963933009E-16 -4.64313925673758E-07  1.45621468194946E-01
  3.13340945228507E-01  3.47660880516296E-01 -2.88868845833683E-15 -1.12826486550530E-15 -1.07223084000225E-15
 -4.40152236210116E-16  5.04209198054566E-01  2.49108254725062E-01 -3.32565656601637E-17  2.20021106780006E-17
 -2.36341037226087E-02  1.54025708835111E-17 -2.12943891236946E-06
* ORBITAL    1    5
  1.49885860312999E-16 -5.52017947585888E-16  2.29978146300212E-16 -6.29432495365951E-12 -2.59803877595887E-12
  2.95721185035487E-01  1.22062250407367E-01 -6.07055303671051E-16 -4.51333926602143E-16 -5.51290772488136E-17
  5.27781422199785E-02 -1.42718377132842E-16 -1.12348484494607E-12  2.19875534621935E-17  2.10924681725793E-16
  5.06159124193720E-16  9.84551261724140E-16 -1.17134959311031E-11 -7.87306561144402E-12  5.50212490855752E-01
  3.69875545799864E-01  9.46025745891902E-16  1.66954047629084E-16  3.01504197786959E-16 -3.22797317397638E-02
  7.41245574812155E-17  6.87292114652046E-13 -1.76468696303151E-17
* ORBITAL    1    6
  1.42421491110736E-15 -3.83403383899662E-15 -1.68538217267382E-15  2.95727757730713E-01  1.22055249809780E-01
  6.29450346163578E-12  2.59860530379777E-12 -3.17977033581316E-16 -2.52784033600248E-16 -1.97610276885893E-17
  1.12347714723057E-12  2.90284227094249E-18  5.27788233141618E-02 -5.49524071772818E-17  3.10386545329195E-16
  8.04396891806172E-16  1.85308784825426E-15  5.50216746675627E-01  3.69871693263901E-01  1.17131116046837E-11
  7.87298963635686E-12  2.34511706272214E-16 -2.21990184728568E-18  1.62290284691828E-17 -6.86826461708523E-13
 -1.19385999886167E-16 -3.22800891133255E-02  3.01746710754757E-16
* ORBITAL    1    7
 -1.85451459986858E-01  4.10699623208187E-01  4.75283245522477E-01  2.60974826517455E-15  2.16394497321813E-15
 -7.75261784574368E-17 -9.74593107872994E-18 -4.54943967400545E-01 -1.63602452196159E-01  2.71073485013386E-17
 -2.61905052555959E-17 -3.13014662600742E-02  1.48997689019384E-16  5.68694081489079E-09 -2.22194834871176E-02
 -5.09229561832456E-02 -3.72546640339289E-03  9.69482087330523E-17 -1.44736526164451E-16 -5.23948703555975E-16
 -4.76557444663310E-16  2.34149197630454E-01  1.24151918777038E-01 -2.11035642143281E-17 -1.77214073166682E-17
 -7.86381080449059E-03 -8.69508719093362E-17 -1.22044194798764E-06
* ORBITAL    1    8
 -8.64268111027553E-17  4.28899354273933E-17 -1.99908195746340E-15 -4.46474334815430E-01 -7.67362596551694E-01
 -1.26050179906896E-12 -2.16641188230753E-12 -2.36540421640611E-15 -4.24863826010142E-15  3.56882775253206E-17
  3.57168572351606E-14  1.87165936446488E-16  1.26405801196422E-02 -4.23842560403869E-16  1.72774369379517E-16
  1.71169282844013E-16  4.84590216605191E-15  3.48290837923465E-01  4.98599696541538E-01  9.84150909528211E-13
  1.40806589205743E-12  8.41970913932039E-16  1.69570848867697E-16 -5.00967657646932E-17  2.76685821445201E-14
 -1.53749937106990E-16  9.76552583883142E-03  2.52766288514492E-16
* ORBITAL    1    9
 -1.95282224003743E-18  5.46114811171248E-16 -1.04624276750834E-16  1.26044797233078E-12  2.16669928265167E-12
 -4.46482774421476E-01 -7.67341758818636E-01  1.92108685872266E-17 -1.93463496101850E-17 -4.23777932001331E-16
  1.26508218239547E-02  1.11271848483449E-17 -3.57008535357291E-14  8.28705094570463E-17  4.43230283464363E-17
  1.10240950581912E-16 -6.81832684467654E-17 -9.83840576426848E-13 -1.40786764878324E-12  3.48309634720080E-01
  4.98571564299867E-01  1.04237360443283E-16  4.86447297782522E-16  2.52692166484333E-16  9.76927046445934E-03
 -2.71992535345661E-17 -2.76595740490335E-14 -2.03002362289226E-17
* ORBITAL    1   10
 -4.38703659054517E-02  2.76120300252089E-01 -2.03369084356564E+00  2.66975857294003E-15  9.33492605454914E-17
  8.80616935524146E-17  3.83103656693470E-17 -1.36668884989045E-01 -1.73468108522727E+00 -3.25379359684889E-17
  1.66745802623891E-17 -4.85829901708047E-03 -4.15799011553309E-17 -8.19033140518858E-07  9.50418467318632E-02
  9.86280797969652E-02  2.03783983401058E+00 -1.44087366875283E-16 -2.24122349603380E-15  3.00575949596493E-17
 -2.11919664081124E-16 -3.77510316993105E-02 -5.63025700742306E-01  3.88917642798451E-17 -8.38581184906252E-18
  3.15157141664656E-02 -1.92811197273739E-16  4.59311504465014E-06
* ORBITAL    1   11
 -2.68672959576294E-01  1.49372151335013E+00 -1.10402969675786E+00  6.88449943821545E-15 -7.54020693694026E-15
  1.90435163862833E-16  4.54046028415887E-17 -3.81733081389906E-01  8.12258875799702E-01 -2.40537400044237E-17
  7.72148397125622E-18 -2.57757639051347E-02  1.84764020944809E-16  4.94895060521748E-07 -2.55416050316196E-02
 -5.29801237709932E-02 -3.25350226310297E-01  2.53091497509225E-17  1.19984434596091E-15  7.24822663249847E-17
 -3.41326740226363E-17  1.03971857796073E-01  1.73308440393861E-01  5.51491502139363E-17 -1.13170465155584E-17
  4.59580675060429E-03 -2.25737253798304E-16  1.08092738124020E-06
* ORBITAL    1   12
 -1.13702669565527E-17  1.28011638993360E-16 -2.48800181305214E-16 -3.39187042669944E-11  3.35562864789675E-11
 -1.03563698865553E+00  1.02457105392601E+00 -1.45053596276559E-16 -1.03307445588607E-16 -3.80700326341200E-16
 -3.20903441741539E-02  3.32265443585429E-18 -1.05070064071404E-12 -2.31747802313117E-17 -1.05822237103480E-16
 -8.11671798544531E-17  2.59175368513847E-16  1.34025649735081E-13 -6.51373255328503E-13  4.08297699019110E-03
 -1.98723550891980E-02 -5.48000511747793E-18 -1.85889498263311E-17  4.24885564881760E-17  4.99621813390786E-02
 -4.80265792477300E-18  1.63632042936842E-12 -1.87273578212968E-18
* ORBITAL    1   13
 -1.70116104299196E-15  9.83993932665051E-15 -1.09093645592198E-14 -1.03563872027868E+00  1.02457042358087E+00
  3.39186837038804E-11 -3.35561355976434E-11 -3.92613019545798E-15  2.52886663963956E-15  9.52155083485796E-18
  1.05095859654960E-12  1.92867789093780E-16 -3.20835894989341E-02 -3.81143036596136E-16 -4.18019719507345E-17
 -3.70849374779578E-16  1.96415107521494E-15  4.09526255364134E-03 -1.98759684978552E-02 -1.33696922699906E-13
  6.51079144586621E-13  5.21960963825885E-16  3.40226765066495E-17  4.88178250870195E-17 -1.63637688056902E-12
  1.00670937563755E-17  4.99633194001340E-02  4.23011616367643E-17
* ORBITAL    1   14
 -1.45838459929668E-01  1.21980584894563E+00  9.74553382408482E-02 -2.24722951336605E-16 -2.17070196298444E-16
  1.08225075304019E-16  1.19236360700932E-17  9.62346034281671E-01 -1.87118873526846E-01  4.42990443106744E-17
 -3.28487473300565E-17 -3.21680639332560E-02  1.09639941164727E-16 -1.79288775757162E-06 -1.43530295648075E-01
 -4.51455726606666E-01 -4.45942606367520E-01 -1.07173125498891E-15  1.96550978177603E-15 -3.21359668214147E-16
  2.83945906968391E-16 -1.11796914900797E-01  1.42745350715213E+00  4.55991950175040E-17  1.06424767849758E-18
  9.24743474922657E-02  2.86983094725902E-16  2.88591405623912E-06
* ORBITAL    1   15
 -8.01963888117189E-02  3.32423587377239E-02 -2.59350209216536E-01 -7.36977143830292E-16 -1.14972819823646E-15
 -1.29418898025131E-16  1.40868834591571E-16  5.11777773043821E-01 -3.36936306214363E-01  8.13327341453686E-17
  8.79221141722425E-19 -3.09899896843376E-01  6.54361102411217E-16  3.23848913233744E-06  2.51474134189246E-02
  1.99406055412450E-01 -2.17006693721890E-02 -2.10576373688638E-15  4.08803617040881E-15  2.35977425533753E-16
 -3.53437357457721E-16  8.34946440238952E-01 -7.43602758095268E-01  8.71241802850513E-17  2.14157822732795E-17
  9.72093367436749E-02  3.31807162186373E-16  4.97329561927033E-06
* ORBITAL    1   16
  5.76691757550291E-16 -6.84529318178818E-15 -1.16179820220427E-14  6.60252323482787E-02 -5.23700116792116E-01
 -4.37995808731070E-14  3.44650558981197E-13 -4.11589843788737E-15 -9.02136770311696E-15 -2.11374317780356E-17
  6.87967398563271E-14  2.18259204691887E-17 -1.04474384934469E-01  2.80432825863852E-16 -1.42128087621459E-15
 -1.07676396078747E-14  2.70935875156837E-14 -9.54681603752674E-01  1.29438011726825E+00  6.27409911488349E-13
 -8.51663431323175E-13 -2.03953861301851E-15 -8.77123857591977E-15 -3.08711572571717E-17 -2.08541848208139E-14
 -4.63852809588636E-16  3.15045125270666E-02 -1.71548798300323E-16
* ORBITAL    1   17
 -8.28054013627961E-18 -5.84988724659611E-16 -1.30862734190537E-15  4.36727097331985E-14 -3.44556727734264E-13
  6.60233634330640E-02 -5.23717391372015E-01 -2.75263973365980E-16 -9.81302464875056E-16  2.81204144626672E-16
 -1.04448631980377E-01 -1.34947328263311E-16 -6.87663299647210E-14  2.80917987754979E-17 -1.27967620943893E-16
 -9.03873242419110E-16  2.49128723010090E-15 -6.27548497547638E-13  8.51593947134764E-13 -9.54681379297425E-01
  1.29438093823546E+00  2.62897772255480E-16 -1.41220672924097E-15 -1.70500114497599E-16  3.15128991808600E-02
 -4.78374675477060E-17  2.06639892535545E-14  2.66748263101414E-18
* ORBITAL    1   18
 -3.01748348676379E-02  8.73712310156625E-01  2.03981976362483E+00  4.86880082319663E-16 -2.97400605074540E-15
  7.21108523477122E-17 -2.78761226353664E-16  3.19376347453484E-01  1.58631156154538E+00  6.25084015877135E-17
 -4.29926561786939E-16  2.51379484772563E-01 -1.53304480470402E-15  1.77247737610170E-05  2.88005272880619E-01
  1.96904183651360E+00 -4.59493202254737E+00 -4.87211061824899E-15  7.06380117662862E-15 -3.86734484293773E-16
  7.07849292200986E-16 -6.92551489548305E-02  1.47246755337709E+00  5.95937283238641E-17  1.25217455228707E-16
  4.00656020369429E-02  5.30682159234707E-16  3.62403531779112E-05
* ORBITAL    1   19
  9.83072312854768E-07 -2.12368869352987E-05 -5.17387701809942E-05 -5.61483068886497E-16  3.12508848920345E-16
  4.99303624039992E-17  5.00506901676010E-17 -7.60656580774437E-06 -4.11202053215628E-05 -1.71991803268237E-16
 -2.23025786640821E-16 -4.09798164470157E-06  4.44181149757022E-16  9.64866247845475E-01 -7.97587708001461E-06
 -5.49788905616083E-05  1.22101340455683E-04  2.33582049161735E-16 -2.58092650086623E-16  5.52148688639030E-17
 -4.54068788252744E-17 -6.58038910913009E-07 -3.29763876286058E-05  1.02469812768316E-16  1.29267246566238E-16
 -4.17780140703324E-06  6.15240181599620E-17  1.80274097753118E-01
* ORBITAL    1   20
  5.31977103344176E-17 -1.23586130931083E-16 -1.97990738502897E-16  1.00570747143595E-17  2.00658613774131E-17
 -5.52572342964344E-16  3.02762739797283E-16 -1.25158017078445E-16 -1.03851699174696E-16  9.64871268656798E-01
  3.95992803319451E-16  1.71636370433506E-17  2.00421514580444E-16  1.72001029300573E-16 -8.66360957589321E-18
 -1.48522169595289E-16  4.21219913387564E-16 -7.97407181793398E-17 -6.24338915054384E-18  2.47604813091243E-16
 -2.50416829295607E-16 -8.31911414221732E-17 -1.30580177363073E-16  1.80256558141035E-01  8.30716640016121E-17
 -1.99466790069334E-17 -7.20771761925086E-17 -1.02503018021321E-16
* ORBITAL    1   21
  6.94008226473622E-17 -1.00534764998955E-15 -2.21816173320550E-15  1.19481093566451E-01 -1.85217818417302E-01
  4.06178426396969E-13 -6.29824394698439E-13 -9.35211644136963E-17 -2.06354497877116E-15  2.21759846691328E-16
 -3.07655967252890E-12 -1.34001695726951E-15 -9.04731356757849E-01  3.35512688422406E-16 -2.30918752971274E-16
 -1.40680934159416E-15  4.67232637897906E-15  2.29053586479447E-01  1.85988193255559E-01  7.78950017707018E-13
  6.32494784947399E-13  1.80202321378806E-16 -1.62121554268259E-15  4.13779260583370E-17  9.27408917558697E-13
 -1.43381808725685E-16  2.72691091689528E-01  1.29141196906748E-16
* ORBITAL    1   22
 -4.24977517534225E-17 -3.38449251952697E-16 -8.27306117754229E-16 -4.06318582517517E-13  6.29755977666537E-13
  1.19485438145195E-01 -1.85234962802766E-01 -1.63779488810361E-16 -6.72225549485480E-16  2.76838835955117E-16
 -9.04730148202566E-01 -1.28209189725816E-16  3.07649968138576E-12 -2.78400026320750E-16 -9.42475963075380E-17
 -7.88776752981169E-16  1.89460286610337E-15 -7.79313735100493E-13 -6.32283893331722E-13  2.29037810817679E-01
  1.86013059509876E-01 -1.30214815115276E-17 -5.57121228314938E-16  1.29214361395161E-16  2.72695864996671E-01
 -3.77502223509440E-17 -9.27419317893765E-13 -3.94731116865806E-17
* ORBITAL    1   23
 -7.27739228411075E-02  3.31567902403255E-02  9.47801146320896E-02  2.96701414863954E-16 -6.80679357810308E-17
  3.44892772013107E-18  7.76376375183544E-18  2.92418031239803E-01  2.05575523003269E-01 -2.53574366686350E-18
 -1.10302287087614E-17  1.14417738929721E+00 -6.25693712131091E-16  1.30977804416219E-05 -1.43522992055229E-01
 -9.15423001910029E-01  2.22224938305089E-01  6.35494515607238E-16 -2.97322401205402E-16  5.59948823690618E-17
 -4.20953436052227E-17  7.90303587401342E-01 -3.79930546918690E-01  6.78660609985796E-18  3.17236158873041E-17
  1.29758955962147E-01  1.86240668000013E-16 -4.60322037530651E-05
* ORBITAL    1   24
  2.29629829422068E-17 -1.46974069894513E-16  9.33523491850693E-17 -2.39684132519457E-20 -1.15210345797993E-16
  6.76854917342018E-17 -6.57602184881096E-17 -4.56066581929538E-17 -8.55549284638505E-18 -2.83152950897960E-01
 -2.47541234171231E-16  1.64921475649482E-17 -5.06855741960908E-17  1.03757758489458E-15  1.67541777830718E-17
 -5.24645759933118E-17  1.39973714661343E-16 -1.39691624699615E-17  7.89881864832237E-17 -4.83738564160360E-16
  1.34122613787641E-16 -3.52990994066344E-17 -1.66360631437835E-17  9.89272324453054E-01 -4.25259602540294E-16
 -3.85890829184523E-17 -7.36380288424292E-17 -4.08347564749770E-15
* ORBITAL    1   25
 -5.34210895226295E-06  7.66968528171683E-06 -3.14612089872502E-05  7.44834224826567E-17 -6.44911245306657E-17
  3.50254815294363E-18 -1.82551244028996E-17  2.84391292632881E-05 -1.73837930598605E-05 -1.03747588569531E-15
  4.27301430915844E-17  6.32185206906974E-05 -2.42345409873384E-16 -2.83170058308388E-01 -1.57392411214407E-05
 -1.00491673438840E-04  9.54563397184436E-05 -4.82818926979634E-16  1.29395352860383E-16  1.68290440508619E-17
  1.05767632092669E-17  4.73543108447256E-05 -3.12974727312873E-05  4.08348973937456E-15  4.18970109280591E-17
 -2.88351800481166E-05 -4.00111700196886E-16  9.89269126275883E-01
* ORBITAL    1   26
  3.78149018738081E-17  1.39622849989061E-16  1.14150844139462E-16  2.73499073688537E-01  1.66961157544284E-01
  7.57058833302245E-14  4.61707882562760E-14  3.93063909637582E-17  1.00679988766753E-16 -1.15993198204662E-17
  2.00810021900690E-13  3.55403291127684E-16  7.25097290120854E-01 -2.32092307875580E-16  2.39963384687872E-17
  1.65135127138120E-17 -2.29400699804677E-16 -3.56631151787194E-02 -3.62874171583466E-01 -9.94587368154057E-15
 -1.00489257757653E-13 -1.57105566570294E-16  2.73229791495989E-16  6.83607018153536E-17  3.00413605435040E-13
 -5.43823594193564E-16  1.08400923022289E+00  3.32147809714527E-16
* ORBITAL    1   27
  2.48391413455249E-17 -2.50925968675464E-16 -9.41953973688343E-17 -7.58640752097969E-14 -4.62269062111989E-14
  2.73497513267674E-01  1.66974735725916E-01 -2.15025231116521E-16 -9.16893367134239E-17 -2.43116576358238E-16
  7.25102080229278E-01 -1.29834268865796E-16 -2.00880495659569E-13 -3.39240413324980E-17  1.83455347088260E-17
  1.64113799137634E-17  3.41943533185006E-16  9.63510618861243E-15  1.00532898317920E-13 -3.56539323389565E-02
 -3.62893421301199E-01 -8.15500661325230E-17 -1.67129573853380E-16  3.51474504514106E-16  1.08400781503020E+00
  2.11924136060409E-16 -3.00383955707737E-13 -5.01354320316507E-17
* ORBITAL    1   28
  1.55410194006383E-01 -1.56395542132181E+00 -6.65802129278284E-01  9.85582249209171E-17  1.72904762140617E-17
 -7.86145754559107E-17 -7.97344497684677E-17 -1.15068320451611E+00 -5.53932755767889E-01 -3.34466885700893E-18
 -1.39102363343795E-16 -6.44309483701829E-01  2.29334554147337E-16 -5.22079499150987E-06  2.98841805888530E-02
 -1.01975464263684E-01  2.09904007011781E+00  1.69219279186023E-17 -1.93369822647091E-16 -5.76601502638003E-17
  8.62280423326717E-17 -4.11648365092144E-01 -1.21921893827072E+00  1.89187267552505E-17 -1.76349214069869E-16
  1.27917846728702E+00  4.25080920686649E-16  2.57027900140034E-05
#OCC
* OCCUPATION NUMBERS
  0.00000000000000E+00  0.00000000000000E+00  0.00000000000000E+00  0.00000000000000E+00  0.00000000000000E+00
  0.00000000000000E+00  0.00000000000000E+00  0.00000000000000E+00  0.00000000000000E+00  0.00000000000000E+00
  0.00000000000000E+00  0.00000000000000E+00  0.00000000000000E+00  0.00000000000000E+00  0.00000000000000E+00
  0.00000000000000E+00  0.00000000000000E+00  0.00000000000000E+00  0.00000000000000E+00  0.00000000000000E+00
  0.00000000000000E+00  0.00000000000000E+00  0.00000000000000E+00  0.00000000000000E+00  0.00000000000000E+00
  0.00000000000000E+00  0.00000000000000E+00  0.00000000000000E+00
#OCHR
* OCCUPATION NUMBERS (HUMAN-READABLE)
  0.0000  0.0000  0.0000  0.0000  0.0000  0.0000  0.0000  0.0000  0.0000  0.0000
  0.0000  0.0000  0.0000  0.0000  0.0000  0.0000  0.0000  0.0000  0.0000  0.0000
  0.0000  0.0000  0.0000  0.0000  0.0000  0.0000  0.0000  0.0000
#ONE
* ONE ELECTRON ENERGIES
  0.0000E+00  0.0000E+00  0.0000E+00  0.0000E+00  0.0000E+00  0.0000E+00  0.0000E+00  0.0000E+00  0.0000E+00  0.0000E+00
  0.0000E+00  0.0000E+00  0.0000E+00  0.0000E+00  0.0000E+00  0.0000E+00  0.0000E+00  0.0000E+00  0.0000E+00  0.0000E+00
  0.0000E+00  0.0000E+00  0.0000E+00  0.0000E+00  0.0000E+00  0.0000E+00  0.0000E+00  0.0000E+00
#INDEX
* 1234567890
0 ii22222222
1 ssssssssss
2 ssssssss
