#INPORB 2.2
#INFO
* RASSCF natural orbitals for root number  1 E=     -112.703925434358
       0       1       0
      28
      28
*BC:HOST mgt PID 65426 DATE Thu Oct  9 14:57:14 2025
#ORB
* ORBITAL    1    1
 -2.98432886271864E-04 -2.12713991959349E-04 -7.32735882525138E-03 -3.81771345738646E-17 -2.90093475496508E-17
 -8.93495133515748E-17  1.02785492487172E-16  1.52903847325142E-03 -5.20226032806118E-03 -2.43215769261486E-18
  1.44149234310172E-17  1.67159274718482E-03 -1.13087184574305E-17  1.68406575313776E-08  9.90276151403911E-01
 -3.47605911018532E-02  1.97910105453074E-02  1.06753333602667E-18  4.09102531018499E-17  1.87094540003954E-17
  4.29464036703026E-18  2.96000080292106E-03 -3.74915215620311E-03 -1.57502560970286E-17 -7.27316806574006E-18
 -8.75056120374759E-04  5.78667017999559E-18 -1.15791852473107E-07
* ORBITAL    1    2
  9.91703295943206E-01  3.14603748706998E-02 -5.79656992577926E-03  6.16337297659616E-18 -7.09420720863424E-17
  4.43507875751480E-17  3.03855295776247E-17  4.48804959289853E-03  2.28181865125611E-03 -3.43705443127686E-17
 -4.94959921780151E-17  2.22650335959544E-03 -4.49729864150326E-18 -5.23180560539738E-09  7.78296323338204E-04
  3.16179618761317E-05 -6.28866294899904E-03  9.44036954610071E-18  4.19382733634236E-17 -2.84065406236684E-17
 -4.85669605291862E-17 -1.18028354876161E-04  4.91680960461706E-03 -6.62798470584925E-18  1.50192766891598E-17
  5.26348656630928E-04 -8.20187315707656E-18 -5.72215141863031E-11
* ORBITAL    1    3
 -6.91466675352038E-02  1.10414719600498E-01  6.93876655388716E-02  6.81533104649574E-09 -1.64385057262622E-09
 -1.02555043784448E-08  3.02151822328669E-08  1.83719222123782E-02 -9.17113385988368E-03  2.11003635064387E-17
 -7.28577950400381E-09  1.54929378465417E-02  1.92199338356699E-09 -3.29474743679127E-07  2.91843133763421E-01
  5.87403307625670E-01  3.96239142872256E-01  2.16915674822706E-08  1.66031146254017E-08 -8.87412700365420E-08
 -7.52784101792833E-08  1.74908604724078E-01  1.36391547802296E-01 -5.18412358624773E-17  3.42172648375928E-09
  1.87813362756444E-03 -1.04177958348868E-09 -3.01109317436360E-06
* ORBITAL    1    4
  1.46832349179292E-01 -3.02410137579088E-01  9.60873758845686E-02  6.28790616264353E-09 -6.64560734833755E-09
  4.68149655571044E-09  6.88890007897712E-08 -3.72213789028812E-01 -2.32177454785784E-02  1.71578075160631E-17
 -9.76817788751163E-09 -4.60221082771550E-02  2.58534743088926E-09 -2.89730717439936E-07 -4.67592046720949E-02
 -7.36081521112020E-02  1.06814234459826E-01  3.03834250846560E-08  2.46159166849405E-08 -1.26687198305406E-07
 -1.15530338878602E-07  5.53372948698911E-01  2.45907338815354E-01 -1.16007201615979E-17  3.96389466540833E-09
 -3.16118874973194E-02 -1.30393935119961E-09 -9.06867017843677E-07
* ORBITAL    1    5
 -1.04292370254950E-07  2.27692173300406E-07  2.82721786526080E-07 -4.88857996213349E-04 -2.18017481645856E-04
  3.03409885254485E-01  1.35334768129524E-01 -2.39429881299857E-07 -6.82283490966943E-08 -4.77477099267578E-17
  5.25510335104458E-02 -1.59233533836386E-08 -8.46737300857609E-05  1.22098032472158E-14 -7.34527603981327E-09
 -1.74171926932300E-08 -2.12828144943959E-08 -8.76684982124109E-04 -5.81961862274208E-04  5.44096227464217E-01
  3.61183910414564E-01  1.21400321717975E-07  7.24284136814631E-08  2.97054186768390E-16 -3.24440591001144E-02
 -4.07502222193021E-09  5.22750196230858E-05 -7.56241582988313E-13
* ORBITAL    1    6
 -1.09683630316397E-07  2.41736911452507E-07  2.26476637878372E-07  3.03418859166238E-01  1.35332548118435E-01
  4.88864177467003E-04  2.18056846432123E-04 -1.47320046343154E-07 -5.29836394081663E-08 -2.04533692360644E-17
  8.46718391795894E-05 -7.95775842681936E-09  5.25518136283996E-02  1.12166600590431E-13 -3.99946918105850E-08
 -8.64811957173437E-08 -9.79064488074321E-08  5.44098742111964E-01  3.61176655231309E-01  8.76664196070730E-04
  5.81949934538026E-04 -1.83887355525544E-08  5.21660393349280E-10  1.75732425938777E-17 -5.22748932914228E-05
  1.85420831898968E-09 -3.24444047171117E-02 -7.97497602402905E-14
* ORBITAL    1    7
 -2.34848543607578E-01  5.18223529468885E-01  4.98596657730390E-01 -1.50567197780374E-07 -8.55168088325346E-08
 -1.12215530715873E-07  3.38074161787182E-09 -3.64241941345405E-01 -1.37381996855857E-01  1.94716028936093E-17
 -2.78980576075756E-08 -2.11199854696919E-02 -2.31710511092787E-08  1.87662706909620E-07 -7.03899789847503E-02
 -1.53823730110500E-01 -1.57254918178802E-01 -2.32878071037171E-07 -1.45946061066931E-07 -3.09285373596318E-07
 -2.30453713579452E-07  2.70272064998481E-02  3.05555275309228E-02 -8.60092118327648E-18  1.55705208326231E-08
  1.42735295263192E-03  1.48730224805889E-08 -4.53089685985736E-07
* ORBITAL    1    8
  7.32033385038702E-09 -2.23278701131435E-08  5.13837007021941E-08 -4.41283250361329E-01 -7.65132424673159E-01
 -2.96997714554969E-04 -5.14950579553875E-04  2.26894293576671E-08  6.45796823068857E-08  3.50546958463314E-17
  9.13096723830394E-06  1.49900015774010E-09  1.35531578499509E-02  2.91358713774258E-14 -2.59185497928651E-09
 -1.97647151732532E-09 -6.99418547877796E-08  3.57771866384663E-01  5.04933358386994E-01  2.40832409091253E-04
  3.39840014193893E-04 -1.02711473075940E-08  1.31166392150285E-08 -4.96344639255890E-17  6.19641952531290E-06
 -6.17662921976667E-10  9.20475309641208E-03 -1.02732536166584E-13
* ORBITAL    1    9
 -1.14028858081076E-08  3.40842493774523E-08 -3.88370915068007E-08  2.97004970751223E-04  5.14970487901538E-04
 -4.41293554754557E-01 -7.65112250335742E-01 -8.40703329453824E-08 -1.03043442151609E-07 -4.24692926245854E-16
  1.35630827359381E-02 -6.71503692770863E-09 -9.12182932650362E-06 -7.73983825532600E-14  1.04671715107172E-08
  1.76984093414033E-08  1.23848947620872E-07 -2.40796475008316E-04 -3.39843410777548E-04  3.57787444513155E-01
  5.04903211328444E-01  7.65711207057638E-08  1.20726145499115E-08  2.57910026069972E-16  9.20869071295218E-03
 -1.89690771666230E-09 -6.19528684455598E-06 -1.04778932461876E-13
* ORBITAL    1   10
 -4.68838835704946E-02  2.82804510267653E-01 -2.02598149088071E+00 -1.38710242672936E-08 -2.57348512955852E-08
  2.31011672082295E-08  3.86979336593347E-08 -1.43638501977678E-01 -1.73705180771351E+00 -3.21408485444717E-17
 -4.95465185664438E-10 -5.33801671054274E-03  6.92680476855897E-10 -8.18164174052582E-07  9.43484631848333E-02
  9.71264755637730E-02  2.03692682253354E+00  1.46512464752514E-08  1.89247500586349E-08 -1.59902205430422E-08
 -2.39750479394245E-08 -3.47056813090226E-02 -5.61354099177304E-01  3.86238291148725E-17 -5.72604572114684E-10
  3.14115010349770E-02  1.76780798183128E-10  4.57754975044451E-06
* ORBITAL    1   11
 -2.68672959576295E-01  1.49372151335013E+00 -1.10402969675786E+00  6.88449949046973E-15 -7.54020695019984E-15
  1.90436195650016E-16  4.54052008839344E-17 -3.81733081389907E-01  8.12258875799705E-01 -2.40537400044237E-17
  7.72166655327653E-18 -2.57757639051341E-02  1.84764045141298E-16  4.94895060521699E-07 -2.55416050316195E-02
 -5.29801237709924E-02 -3.25350226310299E-01  2.53093551177326E-17  1.19984445919587E-15  7.24831156646078E-17
 -3.41322129798912E-17  1.03971857796074E-01  1.73308440393861E-01  5.51491502139365E-17 -1.13169139536096E-17
  4.59580675060462E-03 -2.25737254616910E-16  1.08092738124025E-06
* ORBITAL    1   12
 -1.13705574813878E-17  1.28011686626430E-16 -2.48799840642376E-16 -3.39187042177641E-11  3.35562864617962E-11
 -1.03563698865553E+00  1.02457105392602E+00 -1.45053920885983E-16 -1.03307830356045E-16 -3.80700326341200E-16
 -3.20903441741542E-02  3.32283195501742E-18 -1.05070060866616E-12 -2.31747805586246E-17 -1.05822187129390E-16
 -8.11671844134142E-17  2.59175627118256E-16  1.34025987528384E-13 -6.51373100545675E-13  4.08297699019106E-03
 -1.98723550891979E-02 -5.47925274108858E-18 -1.85893222312964E-17  4.24885564881759E-17  4.99621813390784E-02
 -4.80251334243367E-18  1.63632041842931E-12 -1.87273536641927E-18
* ORBITAL    1   13
 -1.70116106550898E-15  9.83993935309443E-15 -1.09093645442307E-14 -1.03563872027868E+00  1.02457042358087E+00
  3.39186837048605E-11 -3.35561355468608E-11 -3.92613020378071E-15  2.52886662427377E-15  9.52155083485795E-18
  1.05095848315441E-12  1.92867778531086E-16 -3.20835894989341E-02 -3.81143036629342E-16 -4.18019716724024E-17
 -3.70849383541590E-16  1.96415107177024E-15  4.09526255364114E-03 -1.98759684978549E-02 -1.33696735354615E-13
  6.51079071293310E-13  5.21960945423225E-16  3.40226616576735E-17  4.88178250870195E-17 -1.63637693086543E-12
  1.00670989854770E-17  4.99633194001339E-02  4.23011616641049E-17
* ORBITAL    1   14
 -1.45838459929668E-01  1.21980584894563E+00  9.74553382408494E-02 -2.24722928066033E-16 -2.17070208505765E-16
  1.08225745653031E-16  1.19239450955925E-17  9.62346034281672E-01 -1.87118873526846E-01  4.42990443106745E-17
 -3.28486364589058E-17 -3.21680639332558E-02  1.09639951769785E-16 -1.79288775757165E-06 -1.43530295648076E-01
 -4.51455726606666E-01 -4.45942606367522E-01 -1.07173112182674E-15  1.96550985065729E-15 -3.21359032672115E-16
  2.83946282662287E-16 -1.11796914900797E-01  1.42745350715213E+00  4.55991950175041E-17  1.06430082753850E-18
  9.24743474922664E-02  2.86983088424256E-16  2.88591405623916E-06
* ORBITAL    1   15
 -8.01963888117196E-02  3.32423587377241E-02 -2.59350209216537E-01 -7.36977152682566E-16 -1.14972817239643E-15
 -1.29419727729962E-16  1.40868783587698E-16  5.11777773043822E-01 -3.36936306214364E-01  8.13327341453687E-17
  8.79184291869370E-19 -3.09899896843376E-01  6.54361116377672E-16  3.23848913233677E-06  2.51474134189240E-02
  1.99406055412448E-01 -2.17006693721876E-02 -2.10576385195027E-15  4.08803611667259E-15  2.35976941120008E-16
 -3.53437706902211E-16  8.34946440238954E-01 -7.43602758095269E-01  8.71241802850515E-17  2.14158066481207E-17
  9.72093367436750E-02  3.31807200402055E-16  4.97329561927087E-06
* ORBITAL    1   16
  5.76691758582156E-16 -6.84529324392395E-15 -1.16179819899626E-14  6.60252323482785E-02 -5.23700116792116E-01
 -4.37994686020736E-14  3.44650596117992E-13 -4.11589846898574E-15 -9.02136773195156E-15 -2.11374317780356E-17
  6.87969571748829E-14  2.18259449903668E-17 -1.04474384934469E-01  2.80432825839461E-16 -1.42128086887283E-15
 -1.07676395904578E-14  2.70935875347010E-14 -9.54681603752674E-01  1.29438011726825E+00  6.27409973166388E-13
 -8.51663494011570E-13 -2.03953851310038E-15 -8.77123860360007E-15 -3.08711572571717E-17 -2.08541402376967E-14
 -4.63852802353728E-16  3.15045125270668E-02 -1.71548798254268E-16
* ORBITAL    1   17
 -8.28050151998016E-18 -5.84988681098091E-16 -1.30862744443255E-15  4.36727695511882E-14 -3.44556892937852E-13
  6.60233634330640E-02 -5.23717391372015E-01 -2.75263840274160E-16 -9.81302313423995E-16  2.81204144626673E-16
 -1.04448631980377E-01 -1.34947245103434E-16 -6.87663395916304E-14  2.80917987662430E-17 -1.27967621076801E-16
 -9.03873305844878E-16  2.49128717916780E-15 -6.27548500070821E-13  8.51593900541859E-13 -9.54681379297427E-01
  1.29438093823546E+00  2.62897704220023E-16 -1.41220666380489E-15 -1.70500114497599E-16  3.15128991808596E-02
 -4.78374878890704E-17  2.06639891214829E-14  2.66748257502215E-18
* ORBITAL    1   18
 -3.01748348676383E-02  8.73712310156627E-01  2.03981976362483E+00  4.86880026826038E-16 -2.97400608436993E-15
  7.21103667795920E-17 -2.78761411422908E-16  3.19376347453484E-01  1.58631156154538E+00  6.25084015877135E-17
 -4.29926645742965E-16  2.51379484772563E-01 -1.53304481553842E-15  1.77247737610170E-05  2.88005272880619E-01
  1.96904183651360E+00 -4.59493202254737E+00 -4.87211073112214E-15  7.06380112649988E-15 -3.86735015387258E-16
  7.07848968936863E-16 -6.92551489548306E-02  1.47246755337709E+00  5.95937283238641E-17  1.25217420697011E-16
  4.00656020369427E-02  5.30682163637857E-16  3.62403531779112E-05
* ORBITAL    1   19
  9.83072312855398E-07 -2.12368869352992E-05 -5.17387701809942E-05 -5.61483068792873E-16  3.12508848933081E-16
  4.99303626649859E-17  5.00506900605625E-17 -7.60656580774478E-06 -4.11202053215627E-05 -1.71991803268237E-16
 -2.23025786587242E-16 -4.09798164470192E-06  4.44181149746924E-16  9.64866247845476E-01 -7.97587708001455E-06
 -5.49788905616076E-05  1.22101340455683E-04  2.33582049307052E-16 -2.58092650001307E-16  5.52148688102473E-17
 -4.54068789513812E-17 -6.58038910913389E-07 -3.29763876286051E-05  1.02469812768314E-16  1.29267246605002E-16
 -4.17780140703340E-06  6.15240181121514E-17  1.80274097753117E-01
* ORBITAL    1   20
  5.31977103344176E-17 -1.23586130931083E-16 -1.97990738502897E-16  1.00570747143595E-17  2.00658613774131E-17
 -5.52572342964344E-16  3.02762739797283E-16 -1.25158017078445E-16 -1.03851699174696E-16  9.64871268656798E-01
  3.95992803319451E-16  1.71636370433506E-17  2.00421514580444E-16  1.72001029300573E-16 -8.66360957589321E-18
 -1.48522169595289E-16  4.21219913387564E-16 -7.97407181793398E-17 -6.24338915054384E-18  2.47604813091243E-16
 -2.50416829295607E-16 -8.31911414221732E-17 -1.30580177363073E-16  1.80256558141035E-01  8.30716640016121E-17
 -1.99466790069334E-17 -7.20771761925086E-17 -1.02503018021321E-16
* ORBITAL    1   21
  6.94008250131456E-17 -1.00534765426453E-15 -2.21816173368915E-15  1.19481093566451E-01 -1.85217818417302E-01
  4.06178429404509E-13 -6.29824409804914E-13 -9.35211643216057E-17 -2.06354497690657E-15  2.21759846691329E-16
 -3.07655970361582E-12 -1.34001695933044E-15 -9.04731356757850E-01  3.35512688423046E-16 -2.30918752119568E-16
 -1.40680934280999E-15  4.67232638178465E-15  2.29053586479448E-01  1.85988193255559E-01  7.78950004250367E-13
  6.32494798529949E-13  1.80202319120086E-16 -1.62121554081288E-15  4.13779260583371E-17  9.27408939724110E-13
 -1.43381808987145E-16  2.72691091689528E-01  1.29141196903135E-16
* ORBITAL    1   22
 -4.24977472751224E-17 -3.38449171274023E-16 -8.27306232881938E-16 -4.06318682745910E-13  6.29756167494185E-13
  1.19485438145195E-01 -1.85234962802766E-01 -1.63779367628464E-16 -6.72225457828504E-16  2.76838835955117E-16
 -9.04730148202567E-01 -1.28209193657922E-16  3.07649968605965E-12 -2.78400026343205E-16 -9.42476039960091E-17
 -7.88776818977222E-16  1.89460279426297E-15 -7.79313634586481E-13 -6.32284151305479E-13  2.29037810817679E-01
  1.86013059509877E-01 -1.30216677874764E-17 -5.57121208203410E-16  1.29214361395161E-16  2.72695864996670E-01
 -3.77502421530265E-17 -9.27419257371112E-13 -3.94731116616790E-17
* ORBITAL    1   23
 -7.27739228411079E-02  3.31567902403266E-02  9.47801146320887E-02  2.96701498859538E-16 -6.80678909202033E-17
  3.44838456340505E-18  7.76393356050296E-18  2.92418031239804E-01  2.05575523003270E-01 -2.53574366686346E-18
 -1.10302500045660E-17  1.14417738929721E+00 -6.25693665521031E-16  1.30977804416213E-05 -1.43522992055229E-01
 -9.15423001910031E-01  2.22224938305090E-01  6.35494532804254E-16 -2.97322364532958E-16  5.59943854326832E-17
 -4.20956035265242E-17  7.90303587401345E-01 -3.79930546918691E-01  6.78660609985805E-18  3.17236681609168E-17
  1.29758955962148E-01  1.86240726646305E-16 -4.60322037530647E-05
* ORBITAL    1   24
  2.29629829422068E-17 -1.46974069894513E-16  9.33523491850693E-17 -2.39684132519457E-20 -1.15210345797993E-16
  6.76854917342018E-17 -6.57602184881096E-17 -4.56066581929538E-17 -8.55549284638505E-18 -2.83152950897961E-01
 -2.47541234171231E-16  1.64921475649482E-17 -5.06855741960908E-17  1.03757758489458E-15  1.67541777830718E-17
 -5.24645759933118E-17  1.39973714661343E-16 -1.39691624699615E-17  7.89881864832237E-17 -4.83738564160360E-16
  1.34122613787641E-16 -3.52990994066344E-17 -1.66360631437835E-17  9.89272324453054E-01 -4.25259602540294E-16
 -3.85890829184523E-17 -7.36380288424292E-17 -4.08347564749771E-15
* ORBITAL    1   25
 -5.34210895226323E-06  7.66968528171732E-06 -3.14612089872504E-05  7.44834223569381E-17 -6.44911245253210E-17
  3.50254754990032E-18 -1.82551241083975E-17  2.84391292632885E-05 -1.73837930598607E-05 -1.03747588569531E-15
  4.27301430459307E-17  6.32185206906978E-05 -2.42345409848391E-16 -2.83170058308389E-01 -1.57392411214408E-05
 -1.00491673438840E-04  9.54563397184435E-05 -4.82818927313718E-16  1.29395352690538E-16  1.68290442066844E-17
  1.05767632863309E-17  4.73543108447261E-05 -3.12974727312883E-05  4.08348973937456E-15  4.18970109366951E-17
 -2.88351800481163E-05 -4.00111700099227E-16  9.89269126275884E-01
* ORBITAL    1   26
  3.78148472646406E-17  1.39622875186953E-16  1.14150847140058E-16  2.73499073688538E-01  1.66961157544285E-01
  7.57058910778518E-14  4.61708135694677E-14  3.93064211518719E-17  1.00680001358230E-16 -1.15993198204662E-17
  2.00809982931381E-13  3.55403346640963E-16  7.25097290120855E-01 -2.32092307929571E-16  2.39963441792541E-17
  1.65134322437258E-17 -2.29400717313090E-16 -3.56631151787196E-02 -3.62874171583467E-01 -9.94591311247544E-15
 -1.00489299149863E-13 -1.57105519854131E-16  2.73229731471827E-16  6.83607018153537E-17  3.00413625911327E-13
 -5.43823581012376E-16  1.08400923022289E+00  3.32147809779371E-16
* ORBITAL    1   27
  2.48391642926260E-17 -2.50925848556234E-16 -9.41958755612916E-17 -7.58640579559218E-14 -4.62269024192031E-14
  2.73497513267675E-01  1.66974735725916E-01 -2.15024776462494E-16 -9.16890061365818E-17 -2.43116576358239E-16
  7.25102080229279E-01 -1.29834216387448E-16 -2.00880539400573E-13 -3.39240412798786E-17  1.83454084118018E-17
  1.64111595347854E-17  3.41943404108135E-16  9.63463275873377E-15  1.00532686906954E-13 -3.56539323389561E-02
 -3.62893421301201E-01 -8.15503694188541E-17 -1.67129580972892E-16  3.51474504514106E-16  1.08400781503020E+00
  2.11924113208216E-16 -3.00383930939831E-13 -5.01354320459012E-17
* ORBITAL    1   28
  1.55410194006383E-01 -1.56395542132181E+00 -6.65802129278287E-01  9.85581607405155E-17  1.72904520700309E-17
 -7.86149215335441E-17 -7.97345504661266E-17 -1.15068320451611E+00 -5.53932755767891E-01 -3.34466885700897E-18
 -1.39102407457707E-16 -6.44309483701830E-01  2.29334543711177E-16 -5.22079499150994E-06  2.98841805888529E-02
 -1.01975464263684E-01  2.09904007011782E+00  1.69218114467297E-17 -1.93369894252779E-16 -5.76604688637621E-17
  8.62278328813073E-17 -4.11648365092145E-01 -1.21921893827072E+00  1.89187267552505E-17 -1.76349226072934E-16
  1.27917846728702E+00  4.25080929307228E-16  2.57027900140035E-05
#OCC
* OCCUPATION NUMBERS
  2.00000000000000E+00  2.00000000000000E+00  1.99838585571910E+00  1.99945502125468E+00  1.96642487489441E+00
  1.96642271126522E+00  1.97149533168102E+00  4.66733264544902E-02  4.66707717599599E-02  4.47210697112488E-03
  0.00000000000000E+00  0.00000000000000E+00  0.00000000000000E+00  0.00000000000000E+00  0.00000000000000E+00
  0.00000000000000E+00  0.00000000000000E+00  0.00000000000000E+00  0.00000000000000E+00  0.00000000000000E+00
  0.00000000000000E+00  0.00000000000000E+00  0.00000000000000E+00  0.00000000000000E+00  0.00000000000000E+00
  0.00000000000000E+00  0.00000000000000E+00  0.00000000000000E+00
#OCHR
* OCCUPATION NUMBERS (HUMAN-READABLE)
  2.0000  2.0000  1.9984  1.9995  1.9664  1.9664  1.9715  0.0467  0.0467  0.0045
  0.0000  0.0000  0.0000  0.0000  0.0000  0.0000  0.0000  0.0000  0.0000  0.0000
  0.0000  0.0000  0.0000  0.0000  0.0000  0.0000  0.0000  0.0000
#ONE
* ONE ELECTRON ENERGIES
  0.0000E+00  0.0000E+00  0.0000E+00  0.0000E+00  0.0000E+00  0.0000E+00  0.0000E+00  0.0000E+00  0.0000E+00  0.0000E+00
  0.0000E+00  0.0000E+00  0.0000E+00  0.0000E+00  0.0000E+00  0.0000E+00  0.0000E+00  0.0000E+00  0.0000E+00  0.0000E+00
  0.0000E+00  0.0000E+00  0.0000E+00  0.0000E+00  0.0000E+00  0.0000E+00  0.0000E+00  0.0000E+00
#INDEX
* 1234567890
0 ii22222222
1 ssssssssss
2 ssssssss
